,type,sendTime,rcvTime,vehicleId,sender,messageID,x_pos,y_pos,x_spd,y_spd,exchangedMessageType,EventID,RoadID,lanePosition,laneIndex,x_currentDirection,y_currentDirection,maxSpeed,maxDeceleration,hazardAttack,hazardOccurrence,hazardOccurrencePercentage
0,2,,325.0,573,,,6965.494101623454,9606.44390206842,-3.951787505480738,-15.083000479029401,,,,,,,,,,,,
1,3,325.011521579665,325.011521579665,573,561.0,831734.0,6916.624554659286,9425.858477671625,-9.482170540989467,-29.094102650617135,1.0,2.0,-30706#0,236.0,0.0,-0.309886247562046,-0.9507736395020181,70.0,4.0,1.0,0.0,77.0
2,2,,326.0,573,,,6962.075112507377,9593.742864183043,-2.811271105068673,-10.729930029290385,,,,,,,,,,,,
3,3,326.011520228786,326.011520228786,573,561.0,835089.0,6907.310074881904,9396.71343845073,-9.506519850461117,-29.168193444265462,1.0,2.0,-30706#0,266.0,0.0,-0.309886247561856,-0.95077363950208,70.0,4.0,1.0,0.0,77.0
4,2,,327.0,573,,,6959.725551031176,9584.821645725457,-1.945288182300128,-7.424686308363327,,,,,,,,,,,,
5,3,327.01151865389704,327.01151865389704,573,561.0,838500.0,6897.893690267042,9367.565784543112,-9.494761815474384,-29.132766910075656,1.0,2.0,-30706#0,297.0,0.0,-0.347573448410326,-0.937652759799785,70.0,4.0,1.0,0.0,77.0
6,2,,328.0,573,,,6958.098498769623,9578.622388974276,-1.35865458945911,-5.185650239347651,,,,,,,,,,,,
7,3,328.01151685285,328.01151685285,573,561.0,841889.0,6887.412388086389,9338.658596007816,-10.631639943998806,-28.682423925480016,1.0,2.0,,14.0,0.0,-0.134269249918773,-0.9909448867249121,70.0,4.0,1.0,0.0,77.0
8,2,,329.0,573,,,6957.119060344734,9574.662505443494,-0.772020996616786,-2.946614170332316,,,,,,,,,,,,
9,3,329.011514824293,329.011514824293,573,561.0,845254.0,6878.733410846273,9309.318821410014,-4.1114459464035225,-30.348703066803477,1.0,2.0,,18.0,0.0,-0.347568431593311,-0.9376546194413831,70.0,4.0,1.0,0.0,77.0
10,2,,330.0,573,,,6956.637989898885,9572.945502148104,-0.18537191387964702,-0.707562611422156,,,,,,,,,,,,
11,3,330.011512564128,330.011512564128,573,561.0,848643.0,6869.284772288069,9280.631333764079,-9.960202159748148,-26.87145608713781,1.0,2.0,,44.0,0.0,-0.347568431593311,-0.9376546194413831,70.0,4.0,1.0,0.0,77.0
12,2,,331.0,573,,,6956.2445252629095,9571.495497373102,-0.61426224694286,-2.344531474266754,,,,,,,,,,,,
13,3,331.01151008626,331.01151008626,573,561.0,852435.0,6860.4724120382,9256.070119527232,-8.400862579154563,-22.66416024385738,1.0,2.0,,66.0,0.0,-0.347568431593311,-0.9376546194413831,70.0,4.0,1.0,0.0,77.0
14,2,,332.0,573,,,6955.439477813495,9568.056021708206,-1.147534220023207,-4.379895793211377,,,,,,,,,,,,
15,3,332.011520396237,332.011520396237,573,561.0,855880.0,6852.751909911856,9235.707798201413,-6.836762663043397,-18.444672482429898,1.0,2.0,,6.0,0.0,-0.21933688255484202,-0.975649184876983,70.0,4.0,1.0,0.0,77.0
16,2,,333.0,573,,,6954.010084297342,9562.625870523172,-1.6380735047567,-6.252316212447757,,,,,,,,,,,,
17,3,333.011517612053,333.011517612053,573,561.0,859465.0,6847.4346277479,9219.037612274262,-3.59768982268402,-16.005247840548495,1.0,2.0,,22.0,0.0,-0.21933688255486303,-0.975649184876979,70.0,4.0,1.0,0.0,77.0
18,2,,334.0,573,,,6952.226076387552,9555.397173590218,-2.124369517579103,-8.108296442384187,,,,,,,,,,,,
19,3,334.011514904655,334.011514904655,573,561.0,863264.0,6843.935336026223,9202.959093936997,-3.614207985369438,-16.078024332814035,1.0,2.0,,39.0,0.0,-0.21933688255486303,-0.975649184876979,70.0,4.0,1.0,0.0,77.0
20,2,,335.0,573,,,6949.801635106937,9546.274693842657,-2.607891827449468,-9.95393293976105,,,,,,,,,,,,
21,3,335.011512376207,335.011512376207,573,561.0,871181.0,6840.164905803026,9186.90167994135,-3.610039196186063,-16.059883812477008,1.0,2.0,,55.0,0.0,-0.303174714420656,-0.95293498861987,70.0,4.0,1.0,0.0,77.0
22,2,,336.0,573,,,6946.696239476332,9535.322951145461,-3.086709702684038,-11.781341087556205,,,,,,,,,,,,
23,3,336.011516223715,336.011516223715,573,561.0,874971.0,6836.024064907635,9171.002986155834,-5.008973985375086,-15.745018006330806,1.0,2.0,,72.0,0.0,-0.303174714420821,-0.9529349886198181,70.0,4.0,1.0,0.0,77.0
24,2,,337.0,573,,,6943.377702961215,9522.436036426192,-3.6141767003793133,-13.794488491505236,,,,,,,,,,,,
25,3,337.745507530448,337.745507530448,573,147.0,881504.0,6783.875498875796,9101.894835497362,12.982475337014797,38.60099523432191,0.0,0.0,,135.0,0.0,0.31877543155660903,0.9478302718503441,70.0,4.0,0.0,0.0,39.0
26,2,,338.0,573,,,6939.6180435353635,9507.637337752552,-4.135292545318997,-15.64447783486263,,,,,,,,,,,,
27,3,338.745509910844,338.745509910844,573,147.0,885321.0,6797.250157460344,9141.620396575088,13.580560303076684,40.379309934419055,0.0,0.0,,177.0,0.0,0.318775431556723,0.9478302718503051,70.0,4.0,0.0,0.0,39.0
28,2,,339.0,573,,,6935.285105917689,9491.03359081229,-4.611261950408073,-17.44513933087282,,,,,,,,,,,,
29,3,339.745511885874,339.745511885874,573,147.0,889076.0,6811.367052521344,9181.800950108178,14.238451008687644,40.184320804304235,0.0,0.0,,220.0,0.0,0.333980682699519,0.9425799189371491,70.0,4.0,0.0,0.0,39.0
30,2,,340.0,573,,,6930.292080774722,9472.482331887884,-5.081900315471562,-19.225632726990963,,,,,,,,,,,,
31,3,340.74551344316797,340.74551344316797,573,147.0,892578.0,6825.517063379207,9221.972038938968,14.217915721984125,40.12636491080795,0.0,0.0,,262.0,0.0,0.333980682699519,0.9425799189371491,70.0,4.0,0.0,0.0,39.0
32,2,,341.0,573,,,6925.247309878824,9452.224031435066,-5.6115957425153145,-21.229547579260913,,,,,,,,,,,,
33,3,341.011515019748,341.011515019748,573,561.0,897598.0,6811.592964887721,9092.549260514752,-5.008304264178053,-15.743874327021539,1.0,2.0,,154.0,0.0,-0.303174714420821,-0.9529349886198181,70.0,4.0,1.0,0.0,77.0
34,3,341.745510147652,341.745510147652,573,147.0,900286.0,6839.678475394583,9262.151535420693,14.21967735038172,40.13133668206391,0.0,0.0,,305.0,0.0,0.333980682699384,0.9425799189371971,70.0,4.0,0.0,0.0,39.0
35,2,,342.0,573,,,6918.054912027631,9430.245759174139,-7.420337234813087,-22.76666347718718,,,,,,,,,,,,
36,3,342.01151275135,342.01151275135,573,561.0,901119.0,6806.459455144726,9076.863675186334,-4.9978445294493055,-15.711189478354141,1.0,2.0,,170.0,0.0,-0.303174714420656,-0.95293498861987,70.0,4.0,1.0,0.0,77.0
37,3,342.745507436964,342.745507436964,573,147.0,903977.0,6853.895327096677,9302.342235394099,13.993061827862354,40.23789909944051,0.0,0.0,,7.0,1.0,0.32846143128780203,0.944517383723755,70.0,4.0,0.0,0.0,39.0
38,2,,343.0,573,,,6910.406700708548,9406.372176563262,-8.038091028615584,-24.66201710283115,,,,,,,,,,,,
39,3,343.011510509464,343.011510509464,573,561.0,904857.0,6801.527238624459,9061.162390047195,-4.974146978301923,-15.637313829006935,1.0,2.0,,187.0,0.0,-0.30317471442084803,-0.9529349886198091,70.0,4.0,1.0,0.0,77.0
40,3,343.74550476227796,343.74550476227796,573,147.0,907686.0,6867.732734960169,9342.496280727368,13.978219585243476,40.195219031613505,0.0,0.0,,50.0,1.0,0.32846143128777905,0.944517383723763,70.0,4.0,0.0,0.0,39.0
41,2,,344.0,573,,,6902.085094414518,9380.757638576824,-8.625777043141968,-26.46523721881464,,,,,,,,,,,,
42,3,344.011521347116,344.011521347116,573,561.0,908507.0,6796.4075063580485,9045.463349061392,-4.990475584886268,-15.689001126963587,1.0,2.0,,203.0,0.0,-0.303174714420656,-0.95293498861987,70.0,4.0,1.0,0.0,77.0
43,3,344.745515615032,344.745515615032,573,147.0,911366.0,6883.798567417757,9381.858771595953,21.316403086056496,36.802953859834794,0.0,0.0,,18.0,1.0,0.501195045961875,0.8653343434206641,70.0,4.0,0.0,0.0,39.0
44,2,,345.0,573,,,6892.850301637214,9353.365169777118,-10.135944456608955,-27.947053348276444,,,,,,,,,,,,
45,3,345.01151929493994,345.01151929493994,573,561.0,916620.0,6791.528429329145,9029.795637245461,-4.976611307933732,-15.645036996832431,1.0,2.0,,220.0,0.0,-0.275242681088172,-0.9613747794213211,70.0,4.0,1.0,0.0,77.0
46,3,345.745514045849,345.745514045849,573,147.0,919460.0,6897.482497986109,9422.189644997346,13.328623417363898,40.50655923491119,0.0,0.0,,35.0,1.0,0.312548351250902,0.9499018518406741,70.0,4.0,0.0,0.0,39.0
47,2,,346.0,573,,,6882.2372771201735,9324.537332705217,-10.963283202610087,-29.57592618113982,,,,,,,,,,,,
48,3,346.011517393445,346.011517393445,573,561.0,920477.0,6786.983730619654,9013.962205703052,-4.527913188391438,-15.817626252222363,1.0,0.0,,236.0,0.0,-0.275242681088172,-0.9613747794213211,70.0,4.0,0.0,0.0,77.0
49,3,346.745512637249,346.745512637249,573,147.0,923511.0,6910.570486772368,9462.815219044822,12.700778465737683,40.67406438065525,0.0,0.0,,78.0,1.0,0.29805277913820705,0.9545493915183171,70.0,4.0,0.0,0.0,39.0
50,2,,347.0,573,,,6873.996463805562,9292.873632492234,-11.452532375684568,-30.896286348803518,,,,,,,,,,,,
51,3,347.01151545804,347.01151545804,573,561.0,924446.0,6782.541768053859,8998.13467567603,-4.520687215097933,-15.792416545158774,1.0,0.0,,253.0,0.0,-0.27524268108800304,-0.9613747794213691,70.0,4.0,0.0,0.0,77.0
52,3,347.36759310315,347.36759310315,573,189.0,925663.0,6713.55396192247,8896.149980884687,3.872553998197595,13.954916634260572,0.0,0.0,,1423.0,0.0,0.26732863479067004,0.9636054177000851,70.0,4.0,0.0,0.0,79.0
53,3,347.745505854644,347.745505854644,573,147.0,927377.0,6923.057269687415,9503.475500414237,12.713745910182674,40.71559416018055,0.0,0.0,,120.0,1.0,0.29805277913820705,0.9545493915183171,70.0,4.0,0.0,0.0,39.0
54,2,,348.0,573,,,6863.357889471855,9264.24191506522,-9.917775519131828,-26.755887723787794,,,,,,,,,,,,
55,3,348.011513445933,348.011513445933,573,561.0,928231.0,6778.229451137195,8982.31913192703,-4.536167492161291,-15.846193144686934,1.0,0.0,,269.0,0.0,-0.261147202092385,-0.965298989349579,70.0,4.0,0.0,0.0,77.0
56,3,348.367590899939,348.367590899939,573,189.0,929415.0,6717.181702905276,8910.07557597981,3.808362362247743,14.014178747989467,0.0,0.0,,1438.0,0.0,0.262167074790897,0.9650224996836001,70.0,4.0,0.0,0.0,79.0
57,3,348.63419843904603,348.63419843904603,573,249.0,930657.0,6711.578436740722,8889.465741335605,3.846643467113045,13.8642861821203,0.0,0.0,,1417.0,0.0,0.26732863479065805,0.9636054177000881,70.0,4.0,0.0,0.0,48.0
58,3,348.745517120141,348.745517120141,573,147.0,931169.0,6935.241196116982,9544.23577379219,11.788970339095592,40.992885866902654,0.0,0.0,,163.0,1.0,0.276374133481863,0.961050122700241,70.0,4.0,0.0,0.0,39.0
59,2,,349.0,573,,,6854.238181121974,9239.799554509298,-8.35371757696649,-22.536441936299884,,,,,,,,,,,,
60,3,349.011520829612,349.011520829612,573,561.0,936209.0,6773.873108423381,8966.464312878159,-4.306694584790859,-15.921711486722419,1.0,0.0,,286.0,0.0,-0.261147202092408,-0.965298989349572,70.0,4.0,0.0,0.0,77.0
61,3,349.367585104412,349.367585104412,573,189.0,937359.0,6720.676400421575,8924.088271071649,3.6545844628064152,14.046453876675125,0.0,0.0,,1452.0,0.0,0.251721467347483,0.967799722502765,70.0,4.0,0.0,0.0,79.0
62,3,349.63419238998904,349.63419238998904,573,249.0,938618.0,6715.510233709006,8903.442006505475,3.876398754356683,13.971541269163037,0.0,0.0,,1431.0,0.0,0.267328634790638,0.9636054177000941,70.0,4.0,0.0,0.0,48.0
63,2,,350.0,573,,,6847.641566335657,9219.088630369406,-4.522234094342649,-20.117097716456122,,,,,,,,,,,,
64,3,350.01152093313203,350.01152093313203,573,561.0,940067.0,6769.731276500406,8950.590998515565,-4.308815226096382,-15.929441011971608,1.0,0.0,,302.0,0.0,-0.26114720209221604,-0.9652989893496241,70.0,4.0,0.0,0.0,77.0
65,3,350.367585062217,350.367585062217,573,189.0,941258.0,6724.315701558088,8938.097318139053,3.631761160654903,13.958789454366233,0.0,0.0,,1467.0,0.0,0.251721467347483,0.967799722502765,70.0,4.0,0.0,0.0,79.0
66,3,350.634192121845,350.634192121845,573,249.0,942512.0,6719.082013067972,8917.429562491146,3.658837673048086,14.06589223166155,0.0,0.0,,1446.0,0.0,0.25172146734745104,0.9677997225027731,70.0,4.0,0.0,0.0,48.0
67,2,,351.0,573,,,6843.113630666509,9198.912229045196,-4.539507446480377,-20.193932636953594,,,,,,,,,,,,
68,3,351.011510502033,351.011510502033,573,561.0,948009.0,6765.3815261347845,8934.700738320258,-4.297055137229637,-15.886157619751176,1.0,0.0,,319.0,0.0,-0.24316912407343003,-0.9699839055867681,70.0,4.0,0.0,0.0,77.0
69,3,351.36758755063795,351.36758755063795,573,189.0,949391.0,6728.045520138463,8952.15279426186,3.653470400323616,14.042334590050118,0.0,0.0,,1481.0,0.0,0.25172146734767603,0.9677997225027151,70.0,4.0,0.0,0.0,79.0
70,3,351.634194379538,351.634194379538,573,249.0,950640.0,6722.562344953249,8931.46483999321,3.665749846676264,14.092482450967053,0.0,0.0,,1460.0,0.0,0.25172146734759304,0.967799722502736,70.0,4.0,0.0,0.0,48.0
71,2,,352.0,573,,,6838.654311230432,9178.764382205725,-4.521396447349864,-20.110565754690246,,,,,,,,,,,,
72,3,352.01151330579,352.01151330579,573,561.0,952118.0,6761.12180568265,8918.776050004699,-4.006162182484373,-15.983479900069733,1.0,0.0,,335.0,0.0,-0.201034080690826,-0.9795842477300221,70.0,4.0,0.0,0.0,77.0
73,3,352.367590327437,352.367590327437,573,189.0,953400.0,6731.653858688944,8966.169471670171,3.663907280793882,14.082288787687704,0.0,0.0,,1496.0,0.0,0.251721467347483,0.967799722502765,70.0,4.0,0.0,0.0,79.0
74,3,352.634196928386,352.634196928386,573,249.0,954646.0,6726.199344330442,8945.483630740086,3.6254225776342013,13.937435613214683,0.0,0.0,,1475.0,0.0,0.25172146734745104,0.9677997225027731,70.0,4.0,0.0,0.0,48.0
75,2,,353.0,573,,,6832.349927284024,9159.080176427542,-6.2713183996733814,-19.713059567738945,,,,,,,,,,,,
76,3,353.01151876339696,353.01151876339696,573,561.0,956000.0,6757.757967682226,8902.61858541123,-3.320566785481081,-16.18397236081717,1.0,0.0,,352.0,0.0,-0.20103408069084303,-0.9795842477300191,70.0,4.0,0.0,0.0,77.0
77,3,353.36758277257894,353.36758277257894,573,189.0,957238.0,6735.877836151908,8980.009319910749,4.28271550690478,13.805796955862133,0.0,0.0,,1510.0,0.0,0.29621580423021904,0.9551210380492331,70.0,4.0,0.0,0.0,79.0
78,3,353.63420214153297,353.63420214153297,573,249.0,958579.0,6729.698523200335,8959.514646250585,3.638802317320385,13.989325330930338,0.0,0.0,,1489.0,0.0,0.251721467347612,0.967799722502732,70.0,4.0,0.0,0.0,48.0
79,2,,354.0,573,,,6825.99911119097,9139.388251179422,-6.275859620916977,-19.727333477813442,,,,,,,,,,,,
80,3,354.011522410262,354.011522410262,573,561.0,959947.0,6754.453598549325,8886.487763946627,-3.303971092271593,-16.10397122589833,1.0,0.0,,368.0,0.0,-0.189569397689369,-0.9818673247744261,70.0,4.0,0.0,0.0,77.0
81,3,354.367586414897,354.367586414897,573,189.0,961126.0,6739.975905531591,8993.837180814286,4.310843193719239,13.896864905154237,0.0,0.0,,1525.0,0.0,0.29621580423021904,0.9551210380492331,70.0,4.0,0.0,0.0,79.0
82,3,354.634192553776,354.634192553776,573,249.0,962453.0,6733.611988668109,8973.466154115686,4.299964447551255,13.864167643910267,0.0,0.0,,1504.0,0.0,0.296215804230121,0.9551210380492631,70.0,4.0,0.0,0.0,48.0
83,2,,355.0,573,,,6819.495193395252,9119.727679602585,-6.272536507812776,-19.716780035508616,,,,,,,,,,,,
84,3,355.003355452599,355.003355452599,573,273.0,963709.0,6670.2016570190235,8772.354861015223,7.376345780358815,16.273996977007688,0.0,0.0,,1292.0,0.0,0.41280477922185704,0.9108195289142591,70.0,4.0,0.0,0.0,77.0
85,3,355.011513486453,355.011513486453,573,561.0,963813.0,6751.251622386917,8870.346132700957,-3.119931010675408,-16.1637926661548,1.0,0.0,,384.0,0.0,-0.166949100722339,-0.985965515506502,70.0,4.0,0.0,0.0,77.0
86,3,355.367590491778,355.367590491778,573,189.0,965124.0,6744.348678791615,9007.691697340162,4.281638626071346,13.775835163143324,0.0,0.0,,1539.0,0.0,0.296743025269025,0.95495736918157,70.0,4.0,0.0,0.0,79.0
87,3,355.63419640409796,355.63419640409796,573,249.0,966452.0,6737.760678688189,8987.30762684472,4.273827785350896,13.780486465983511,0.0,0.0,,1518.0,0.0,0.29621580423026,0.9551210380492201,70.0,4.0,0.0,0.0,48.0
88,2,,356.0,573,,,6813.3956794668475,9100.026517031087,-6.269315733398888,-19.706211043614736,,,,,,,,,,,,
89,3,356.003352836113,356.003352836113,573,273.0,967833.0,6677.886721685372,8788.451373710586,7.649890931118473,16.07832767903946,0.0,0.0,,1310.0,0.0,0.429612169167976,0.903013501617105,70.0,4.0,0.0,0.0,77.0
90,3,356.01151088681803,356.01151088681803,573,561.0,967892.0,6748.079064390667,8854.11661976478,-2.740201731013456,-16.187747033301385,1.0,0.0,,401.0,0.0,-0.166949100722339,-0.985965515506502,70.0,4.0,0.0,0.0,77.0
91,3,356.367587897183,356.367587897183,573,189.0,969400.0,6748.7314170052605,9021.501814478674,4.375753312399968,13.749252712236315,0.0,0.0,,1554.0,0.0,0.30320682645821,0.952924771631601,70.0,4.0,0.0,0.0,79.0
92,3,356.634193587687,356.634193587687,573,249.0,970735.0,6741.8949478155155,9001.139538101332,4.267739807105439,13.759705093454363,0.0,0.0,,1532.0,0.0,0.296215804230121,0.9551210380492631,70.0,4.0,0.0,0.0,48.0
93,2,,357.0,573,,,6806.945570250249,9080.348243277575,-6.255574555026132,-19.663922130394,,,,,,,,,,,,
94,3,357.003349991959,357.003349991959,573,273.0,972039.0,6685.47578218576,8804.558671724213,7.6419481500478295,16.061632531509428,0.0,0.0,,1327.0,0.0,0.42961216916786304,0.9030135016171591,70.0,4.0,0.0,0.0,77.0
95,3,357.011521078572,357.011521078572,573,561.0,972098.0,6745.005615118924,8837.862823148676,-2.74355233008481,-16.207883732620715,1.0,0.0,,417.0,0.0,-0.13445912458602702,-0.9909191409068441,70.0,4.0,0.0,0.0,77.0
96,3,357.36758510422897,357.36758510422897,573,189.0,973479.0,6753.2070208812,9035.337388643025,4.39540094991202,13.811154167024592,0.0,0.0,,1568.0,0.0,0.30320682645821,0.952924771631601,70.0,4.0,0.0,0.0,79.0
97,3,357.634190584283,357.634190584283,573,249.0,974721.0,6746.229039805811,9014.961546291064,4.398667295270957,13.823906969355658,0.0,0.0,,1547.0,0.0,0.30320682645832103,0.9529247716315661,70.0,4.0,0.0,0.0,48.0
98,2,,358.0,573,,,6800.832778979431,9060.660422499424,-6.263721532551183,-19.689147289128925,,,,,,,,,,,,
99,3,358.00335995495897,358.00335995495897,573,273.0,975943.0,6693.048471702163,8820.699908472448,7.680507581048277,16.142681648147633,0.0,0.0,,1345.0,0.0,0.42961216916786304,0.9030135016171591,70.0,4.0,0.0,0.0,77.0
100,3,358.011518123144,358.011518123144,573,561.0,976002.0,6742.6720441346715,8821.56733532383,-2.208338732175311,-16.279762604953607,1.0,0.0,,434.0,0.0,-0.134459124586206,-0.9909191409068201,70.0,4.0,0.0,0.0,77.0
101,3,358.36758219644895,358.36758219644895,573,189.0,977301.0,6757.55397492463,9049.129283297296,4.405647533713951,13.843570544927744,0.0,0.0,,1583.0,0.0,0.30320682645821,0.952924771631601,70.0,4.0,0.0,0.0,79.0
102,3,358.634200503889,358.634200503889,573,249.0,978564.0,6750.6320124857575,9028.782873732542,4.376578855750797,13.754486958502934,0.0,0.0,,1561.0,0.0,0.30320682645818303,0.95292477163161,70.0,4.0,0.0,0.0,48.0
103,2,,359.0,573,,,6794.683588811568,9040.95885026493,-6.261630076061193,-19.681752415520883,,,,,,,,,,,,
104,3,359.003356820615,359.003356820615,573,273.0,979882.0,6697.915840013651,8837.757158441222,4.759368747918159,17.152685668774854,0.0,0.0,,1363.0,0.0,0.267328634790501,0.9636054177001321,70.0,4.0,0.0,0.0,77.0
105,3,359.011515145239,359.011515145239,573,561.0,979941.0,6740.614756484183,8805.249202261373,-2.20769804867603,-16.275055575667963,1.0,0.0,,450.0,0.0,-0.12120722579170101,-0.992627225304585,70.0,4.0,0.0,0.0,77.0
106,3,359.367592351597,359.367592351597,573,189.0,981147.0,6762.15527332289,9062.971309050963,4.384837976875505,13.778215343891507,0.0,0.0,,1597.0,0.0,0.30320682645821,0.952924771631601,70.0,4.0,0.0,0.0,79.0
107,3,359.6341976132769,359.6341976132769,573,249.0,982331.0,6755.05475149849,9042.591816685437,4.403756274457581,13.839900719845696,0.0,0.0,,1576.0,0.0,0.30320682645832103,0.9529247716315661,70.0,4.0,0.0,0.0,48.0
108,2,,360.0,573,,,6788.568372897543,9021.199032446706,-5.674698262936603,-19.820998641306723,,,,,,,,,,,,
109,3,360.003353808318,360.003353808318,573,273.0,987749.0,6702.806260362616,8854.963628904157,4.784694884461685,17.24436717048061,0.0,0.0,,1381.0,0.0,0.26732863479067004,0.9636054177000851,70.0,4.0,0.0,0.0,77.0
110,3,360.011512331502,360.011512331502,573,561.0,987808.0,6738.483918005835,8788.93441197718,-1.991348616577794,-16.313791914712976,1.0,0.0,,467.0,0.0,-0.037184656548096,-0.9993084115113811,70.0,4.0,0.0,0.0,77.0
111,3,360.367589739714,360.367589739714,573,189.0,989170.0,6766.702609536622,9076.831354592425,4.39520756818092,13.811277535154378,0.0,0.0,,1612.0,0.0,0.30320682645821,0.952924771631601,70.0,4.0,0.0,0.0,79.0
112,3,360.634195132149,360.634195132149,573,249.0,990332.0,6759.446580912248,9056.40660697684,4.376104168055476,13.75220318953934,0.0,0.0,,1590.0,0.0,0.30320682645832103,0.9529247716315661,70.0,4.0,0.0,0.0,48.0
113,2,,361.0,573,,,6783.055863383093,9001.320045101991,-5.695653935254896,-19.894193157420997,,,,,,,,,,,,
114,3,361.00335112063203,361.00335112063203,573,273.0,991689.0,6707.634541949866,8872.167553101379,4.76799415429993,17.184168179541928,0.0,0.0,,1399.0,0.0,0.26732863479067004,0.9636054177000851,70.0,4.0,0.0,0.0,77.0
115,3,361.011509854762,361.011509854762,573,561.0,991747.0,6737.879659096887,8772.483252637956,-0.613221490788181,-16.499856448993775,1.0,0.0,,483.0,0.0,-0.037184656548092006,-0.9993084115113811,70.0,4.0,0.0,0.0,77.0
116,3,361.367587484642,361.367587484642,573,189.0,992991.0,6771.052822212161,9090.633015906511,4.397382287924119,13.817906639703088,0.0,0.0,,1626.0,0.0,0.30320682645821,0.952924771631601,70.0,4.0,0.0,0.0,79.0
117,3,361.634193076352,361.634193076352,573,249.0,994141.0,6764.103193489574,9070.211864600402,4.380151638091175,13.76514141337108,0.0,0.0,,1605.0,0.0,0.30320682645818303,0.95292477163161,70.0,4.0,0.0,0.0,48.0
118,2,,362.0,573,,,6777.3220080246665,8981.446685942401,-5.688738024787226,-19.87003708584922,,,,,,,,,,,,
119,3,362.003348830326,362.003348830326,573,273.0,999560.0,6712.606528604854,8889.33464617393,4.775466324376282,17.211162378644445,0.0,0.0,,1417.0,0.0,0.26732863479067004,0.9636054177000851,70.0,4.0,0.0,0.0,77.0
120,3,362.011520778204,362.011520778204,573,561.0,999619.0,6737.553102474714,8756.024136694074,-0.612072137317572,-16.46855664328474,1.0,0.0,,500.0,0.0,0.169039898321749,-0.9856092089542241,70.0,4.0,0.0,0.0,77.0
121,3,362.367590650923,362.367590650923,573,189.0,1001001.0,6775.576689011276,9104.451050038504,4.390260445762003,13.795604008881623,0.0,0.0,,1641.0,0.0,0.30320682645821,0.952924771631601,70.0,4.0,0.0,0.0,79.0
122,3,362.39792785625605,362.39792785625605,573,75.0,1001247.0,6622.047630894409,8605.68782891808,9.524624541527535,15.140262372645443,0.0,0.0,,1377.0,0.0,0.532472538360089,0.846447278861692,50.0,4.0,0.0,0.0,68.0
123,3,362.63419166619104,362.63419166619104,573,249.0,1002433.0,6768.553236967922,9084.007903002426,4.3867659421999114,13.785928987000375,0.0,0.0,,1619.0,0.0,0.303206826458342,0.95292477163156,70.0,4.0,0.0,0.0,48.0
124,2,,363.0,573,,,6771.6791178051435,8961.561885779822,-5.385681693859121,-19.908099941204323,,,,,,,,,,,,
125,3,363.00334718287303,363.00334718287303,573,273.0,1003813.0,6717.324671548266,8906.540553293002,4.783953377551801,17.242000455963016,0.0,0.0,,1434.0,0.0,0.26732863479067004,0.9636054177000851,70.0,4.0,0.0,0.0,77.0
126,3,363.011519340375,363.011519340375,573,561.0,1003872.0,6738.609091406705,8739.696680199584,2.7939010152055763,-16.28575456782904,1.0,0.0,,516.0,0.0,0.169039898321925,-0.9856092089541941,70.0,4.0,0.0,0.0,77.0
127,3,363.36758922258304,363.36758922258304,573,189.0,1005405.0,6779.956089064308,9118.27195515462,4.377835692079555,13.756737960092524,0.0,0.0,,1655.0,0.0,0.30320682645821,0.952924771631601,70.0,4.0,0.0,0.0,79.0
128,3,363.39793921620696,363.39793921620696,573,75.0,1005612.0,6631.480506057427,8620.861982827442,9.525417611804484,15.141337670306003,0.0,0.0,,1395.0,0.0,0.532472538360089,0.846447278861692,50.0,4.0,0.0,0.0,68.0
129,3,363.634190252228,363.634190252228,573,249.0,1006686.0,6772.813154377652,9097.826709156367,4.421500803190004,13.895163278256208,0.0,0.0,,1634.0,0.0,0.30320682645818303,0.95292477163161,70.0,4.0,0.0,0.0,48.0
130,2,,364.0,573,,,6766.250989476589,8941.604654979888,-5.398174205920966,-19.953768905805195,,,,,,,,,,,,
131,3,364.003358547933,364.003358547933,573,273.0,1008022.0,6721.6672968506855,8923.817546270237,4.490425629310848,17.262149964011126,0.0,0.0,,1452.0,0.0,0.251721467347506,0.967799722502759,70.0,4.0,0.0,0.0,77.0
132,3,364.01151789554,364.01151789554,573,561.0,1008081.0,6741.177722421964,8723.458298758324,2.782405706234439,-16.218729667215868,1.0,0.0,,533.0,0.0,0.28397214877112903,-0.9588325290280401,70.0,4.0,0.0,0.0,77.0
133,3,364.36758778846604,364.36758778846604,573,189.0,1009383.0,6784.443398777557,9132.097730057518,4.405192364539733,13.82494931217927,0.0,0.0,,1670.0,0.0,0.303557447115193,0.9528131381865521,70.0,4.0,0.0,0.0,79.0
134,3,364.397937579534,364.397937579534,573,75.0,1009591.0,6640.935912548294,8636.091619586678,9.163277851810026,15.480833774707815,0.0,0.0,,1413.0,0.0,0.50934079150486,0.8605649063895191,50.0,4.0,0.0,0.0,68.0
135,3,364.6342018445789,364.6342018445789,573,249.0,1010675.0,6777.039765426112,9111.636526909913,4.405969632176898,13.846351588348966,0.0,0.0,,1648.0,0.0,0.30320682645818303,0.95292477163161,70.0,4.0,0.0,0.0,48.0
136,2,,365.0,573,,,6760.879439566547,8921.646281682026,-5.380431578376027,-19.888185432958043,,,,,,,,,,,,
137,3,365.00335698771005,365.00335698771005,573,273.0,1011928.0,6726.018057096435,8941.08442136103,4.505714572961339,17.321277012573898,0.0,0.0,,1470.0,0.0,0.251721467347483,0.967799722502765,70.0,4.0,0.0,0.0,77.0
138,3,365.01151645557997,365.01151645557997,573,561.0,1011987.0,6745.026637416525,8707.449957047196,4.665228427146053,-15.749301762729331,1.0,0.0,,549.0,0.0,0.283972148770937,-0.9588325290280971,70.0,4.0,0.0,0.0,77.0
139,3,365.3675863595709,365.3675863595709,573,189.0,1013228.0,6788.919198118656,9145.898739203338,4.451543795005738,13.830453646323841,0.0,0.0,,1684.0,0.0,0.30634341948833504,0.951921062555185,70.0,4.0,0.0,0.0,79.0
140,3,365.397935966278,365.397935966278,573,75.0,1013436.0,6649.944423932029,8651.65672479399,8.856751006342611,15.619758548399325,0.0,0.0,,1431.0,0.0,0.49322319828930405,0.869902797253388,50.0,4.0,0.0,0.0,68.0
141,3,365.634200461335,365.634200461335,573,249.0,1014517.0,6781.51505000247,9125.443218297396,4.367194792583717,13.724489209463623,0.0,0.0,,1663.0,0.0,0.30320682645832103,0.9529247716315661,70.0,4.0,0.0,0.0,48.0
142,2,,366.0,573,,,6756.762581682545,8901.429683697275,-4.140539957510921,-20.175825457931545,,,,,,,,,,,,
143,3,366.00335555225297,366.00335555225297,573,273.0,1015770.0,6730.390653289827,8958.376346027904,4.491338930159276,17.26655414959208,0.0,0.0,,1488.0,0.0,0.251721467347483,0.967799722502765,70.0,4.0,0.0,0.0,77.0
144,3,366.01151503650703,366.01151503650703,573,561.0,1015828.0,6749.779008966087,8691.665623469513,4.657880093217998,-15.724490098516554,1.0,0.0,,566.0,0.0,0.39595777829142403,-0.918268717647791,70.0,4.0,0.0,0.0,77.0
145,3,366.367584955072,366.367584955072,573,189.0,1017224.0,6793.402992685017,9159.677887846805,4.454492276297945,13.83943138489806,0.0,0.0,,1699.0,0.0,0.306343419488499,0.9519210625551331,70.0,4.0,0.0,0.0,79.0
146,3,366.397934409583,366.397934409583,573,75.0,1017433.0,6657.585317086376,8667.800691888473,6.208980770853273,16.768818136456265,0.0,0.0,,1449.0,0.0,0.34719413149028505,0.9377932794911181,50.0,4.0,0.0,0.0,68.0
147,3,366.634199137493,366.634199137493,573,249.0,1018521.0,6786.038114515413,9139.233458300298,4.425808468526568,13.752147657599153,0.0,0.0,,1677.0,0.0,0.306343419488518,0.9519210625551261,70.0,4.0,0.0,0.0,48.0
148,2,,367.0,573,,,6752.554248774357,8881.194325565782,-4.143878370315316,-20.193028393272623,,,,,,,,,,,,
149,3,367.00335421077904,367.00335421077904,573,273.0,1024070.0,6735.352037852704,8975.497774570758,5.279410804808591,17.021881730650925,0.0,0.0,,1506.0,0.0,0.296215804230053,0.955121038049284,70.0,4.0,0.0,0.0,77.0
150,3,367.01151088592104,367.01151088592104,573,561.0,1024123.0,6755.998007230638,8676.472350643235,6.524911725525229,-15.130098201091574,1.0,0.0,,582.0,0.0,0.430889338150914,-0.9024047751801111,70.0,4.0,0.0,0.0,77.0
151,3,367.36758360903,367.36758360903,573,189.0,1025362.0,6797.641023462973,9173.414128593922,4.426820704900923,13.753379088575276,0.0,0.0,,1713.0,0.0,0.30634341948847305,0.9519210625551411,70.0,4.0,0.0,0.0,79.0
152,3,367.39793015849295,367.39793015849295,573,75.0,1025571.0,6663.949475299135,8684.583784899902,6.234682202717842,16.83781315470379,0.0,0.0,,1467.0,0.0,0.34719413149028505,0.9377932794911181,50.0,4.0,0.0,0.0,68.0
153,3,367.63419511967004,367.63419511967004,573,249.0,1026663.0,6790.258487984969,9153.035154453528,4.460814913630991,13.86003445373988,0.0,0.0,,1692.0,0.0,0.306343419488381,0.9519210625551711,70.0,4.0,0.0,0.0,48.0
154,2,,368.0,573,,,6748.756695129454,8860.898003297423,-3.456811684286604,-20.418142567693383,,,,,,,,,,,,
155,3,368.00335018512703,368.00335018512703,573,273.0,1028070.0,6740.766783132818,8992.51461412937,5.269147173873481,16.988787582084555,0.0,0.0,,1524.0,0.0,0.296215804230053,0.955121038049284,70.0,4.0,0.0,0.0,77.0
156,3,368.01151960284596,368.01151960284596,573,561.0,1028123.0,6762.891089153466,8661.453294200906,7.104522263133749,-14.877141820505154,1.0,0.0,,598.0,0.0,0.43593307436536205,-0.8999790856871971,70.0,4.0,0.0,0.0,77.0
157,3,368.36759256923403,368.36759256923403,573,189.0,1029399.0,6802.186244011528,9187.17611593185,4.731418854281196,13.684022884235471,0.0,0.0,,1728.0,0.0,0.326739555851403,0.9451144177516431,70.0,4.0,0.0,0.0,79.0
158,3,368.39793880723,368.39793880723,573,75.0,1029653.0,6670.360265507043,8701.347636487051,6.229136271575605,16.822024723193543,0.0,0.0,,1485.0,0.0,0.347194131490108,0.9377932794911831,50.0,4.0,0.0,0.0,68.0
159,3,368.634191001911,368.634191001911,573,249.0,1030754.0,6794.753814489033,9166.820103086176,4.462513739154313,13.865313326060024,0.0,0.0,,1706.0,0.0,0.306343419488359,0.951921062555178,70.0,4.0,0.0,0.0,48.0
160,2,,369.0,573,,,6745.3189710027145,8840.534284384112,-3.440446558926805,-20.32044766803061,,,,,,,,,,,,
161,3,369.003359063181,369.003359063181,573,273.0,1032083.0,6746.14153327006,9009.554053708904,5.337144448379518,16.97999072227933,0.0,0.0,,1541.0,0.0,0.299838701785333,0.9539899123741741,70.0,4.0,0.0,0.0,77.0
162,3,369.011515219905,369.011515219905,573,561.0,1032136.0,6770.044684752503,8646.643850683706,7.155720086709262,-14.771175435136126,1.0,0.0,,615.0,0.0,0.5775374260602141,-0.816364208855179,70.0,4.0,0.0,0.0,77.0
163,3,369.39793438768896,369.39793438768896,573,75.0,1033656.0,6675.116753385327,8718.604514811766,4.796399024903985,17.286697893615074,0.0,0.0,,1503.0,0.0,0.267295463305091,0.9636146196984121,50.0,4.0,0.0,0.0,68.0
164,3,369.634199815485,369.634199815485,573,249.0,1034743.0,6799.2197378680885,9180.623550803919,4.471047716255238,13.89201814570234,0.0,0.0,,1721.0,0.0,0.306343419488359,0.951921062555178,70.0,4.0,0.0,0.0,48.0
165,2,,370.0,573,,,6742.490572206301,8820.05711366672,-2.776196265420828,-20.462124835329462,,,,,,,,,,,,
166,3,370.003354874529,370.003354874529,573,273.0,1036075.0,6751.396227172462,9026.54052077736,5.405447492393608,16.9872937238579,0.0,0.0,,1559.0,0.0,0.30320682645821,0.952924771631601,70.0,4.0,0.0,0.0,77.0
167,3,370.01151076858,370.01151076858,573,561.0,1036128.0,6778.608550849343,8632.686618182226,9.475396603947283,-13.392357014457552,1.0,0.0,,631.0,0.0,0.5775374260602141,-0.816364208855179,70.0,4.0,0.0,0.0,77.0
168,3,370.397929917631,370.397929917631,573,75.0,1037645.0,6679.944212789347,8735.851319471029,4.79702895702534,17.289137056852923,0.0,0.0,,1520.0,0.0,0.267295463305253,0.963614619698367,50.0,4.0,0.0,0.0,68.0
169,2,,371.0,573,,,6739.460372607338,8799.60500273185,-2.777368986485129,-20.470767400518984,,,,,,,,,,,,
170,3,371.00335031002504,371.00335031002504,573,273.0,1040102.0,6756.574278092864,9043.558989504329,5.402144858346696,16.976914136327835,0.0,0.0,,1577.0,0.0,0.30320682645821,0.952924771631601,70.0,4.0,0.0,0.0,77.0
171,3,371.01151927129297,371.01151927129297,573,561.0,1040156.0,6788.118319138141,8619.232200865805,9.524998190800812,-13.462470150650082,1.0,0.0,,648.0,0.0,0.6185011871192191,-0.7857838643877301,70.0,4.0,0.0,0.0,77.0
172,3,371.397938420625,371.397938420625,573,75.0,1041673.0,6684.719322417759,8753.123633951382,4.751472082566763,17.252270103978166,0.0,0.0,,1538.0,0.0,0.26544737034869903,0.964125351588142,50.0,4.0,0.0,0.0,68.0
173,2,,372.0,573,,,6737.88946555908,8779.03435776462,-0.766358420480684,-20.604040868456742,,,,,,,,,,,,
174,3,372.003358723602,372.003358723602,573,273.0,1044132.0,6762.07805218076,9060.52579621314,5.40886061238938,16.998020548932818,0.0,0.0,,1595.0,0.0,0.303206826458402,0.9529247716315411,70.0,4.0,0.0,0.0,77.0
175,3,372.011514750784,372.011514750784,573,561.0,1044187.0,6797.736846757205,8606.054299706137,10.176113002834386,-12.925666995022825,1.0,0.0,,664.0,0.0,0.6185011871192191,-0.7857838643877301,70.0,4.0,0.0,0.0,77.0
176,3,372.397933961892,372.397933961892,573,75.0,1045673.0,6689.07015544449,8770.517240955991,4.17716047667444,17.432254229880137,0.0,0.0,,1556.0,0.0,0.23293732781835802,0.9724917487099011,50.0,4.0,0.0,0.0,68.0
177,3,372.474785969245,372.474785969245,573,135.0,1045946.0,6865.20951429616,8475.89605717822,-4.321605395800468,20.661832814856165,0.0,0.0,,165.0,0.0,-0.205165509193648,0.9787272928846471,70.0,4.0,0.0,0.0,44.0
178,2,,373.0,573,,,6737.218521790394,8758.383604904873,-0.7686157993065751,-20.664627064103865,,,,,,,,,,,,
179,3,373.003354115046,373.003354115046,573,273.0,1052358.0,6767.485227503344,9077.551510812931,5.410396030091535,17.002925092715817,0.0,0.0,,1613.0,0.0,0.30320682645821,0.952924771631601,70.0,4.0,0.0,0.0,77.0
180,3,373.011519277388,373.011519277388,573,561.0,1052415.0,6808.178651473601,8593.138624835552,10.15930740532024,-12.904316078269506,1.0,0.0,,681.0,0.0,0.6696056402301,-0.7427168279849571,70.0,4.0,0.0,0.0,77.0
181,3,373.397938641153,373.397938641153,573,75.0,1054099.0,6693.2794962107255,8787.912131728783,4.16775435769838,17.39373493214727,0.0,0.0,,1574.0,0.0,0.23293732781819002,0.972491748709941,50.0,4.0,0.0,0.0,68.0
182,3,373.474777443102,373.474777443102,573,135.0,1054370.0,6857.38616960402,8495.4093538927,-9.629442148482049,18.750307442595386,0.0,0.0,,186.0,0.0,-0.45729092554425205,0.8893171590691821,70.0,4.0,0.0,0.0,44.0
183,2,,374.0,573,,,6738.253773289596,8737.865381843218,3.496873816691048,-20.386460812320298,,,,,,,,,,,,
184,3,374.01151073134804,374.01151073134804,573,561.0,1056579.0,6818.936459635868,8580.763595746468,10.994921310781105,-12.192875815385419,1.0,0.0,,697.0,0.0,0.687035614182659,-0.726623743655997,70.0,4.0,0.0,0.0,77.0
185,3,374.39793030418605,374.39793030418605,573,75.0,1058065.0,6697.589237020381,8805.288701543566,4.16566225101871,17.386940220491393,0.0,0.0,,1592.0,0.0,0.23293732781835802,0.9724917487099011,50.0,4.0,0.0,0.0,68.0
186,3,374.474781848498,374.474781848498,573,135.0,1058380.0,6845.22794689075,8512.528198054719,-14.094054536382924,15.582155744136308,0.0,0.0,,208.0,0.0,-0.671195424151084,0.7412804480078,70.0,4.0,0.0,0.0,44.0
187,2,,375.0,573,,,6741.584548160152,8717.512054718538,3.483923154930385,-20.308489614674922,,,,,,,,,,,,
188,3,375.01151511369596,375.01151511369596,573,561.0,1060542.0,6830.129697606998,8568.590708138772,11.35637664738594,-12.008873776439902,1.0,0.0,,714.0,0.0,0.694042394827032,-0.71993413183621,70.0,4.0,0.0,0.0,77.0
189,3,375.39793491040496,375.39793491040496,573,75.0,1062052.0,6701.768685252566,8822.677492887367,4.692922414311523,17.450935226707664,0.0,0.0,,2.0,0.0,0.259638902249824,0.965705773224177,50.0,4.0,0.0,0.0,68.0
190,3,375.474786207756,375.474786207756,573,135.0,1062326.0,6828.173109766348,8524.717535644044,-18.06698834509666,10.80090419993913,0.0,0.0,,229.0,0.0,-0.8585668076531321,0.512701703523899,70.0,4.0,0.0,0.0,44.0
191,2,,376.0,573,,,6747.271759178845,8697.600100786673,5.86004929997173,-19.783313808167563,,,,,,,,,,,,
192,3,376.011519450868,376.011519450868,573,561.0,1064444.0,6841.7440484018125,8556.72854495521,11.464484008893663,-11.890317033888723,1.0,0.0,,730.0,0.0,0.694042394827126,-0.7199341318361191,70.0,4.0,0.0,0.0,77.0
193,3,376.397926483729,376.397926483729,573,75.0,1065907.0,6707.076555957463,8841.149290351885,5.717585125950863,19.397173146874056,0.0,0.0,,21.0,0.0,0.28269294054591704,0.9592104572853141,50.0,4.0,0.0,0.0,68.0
194,3,376.474776803098,376.474776803098,573,135.0,1066160.0,6808.462953564107,8532.096946391719,-20.232244732012553,5.7665622303360164,0.0,0.0,,250.0,0.0,-0.9618207229760791,0.273680282179357,70.0,4.0,0.0,0.0,44.0
195,2,,377.0,573,,,6754.341621173382,8678.299179417538,8.16562811205538,-18.933817825207587,,,,,,,,,,,,
196,3,377.011510021606,377.011510021606,573,561.0,1072452.0,6853.238980084615,8544.864345211083,11.399580101179831,-11.823788999008224,1.0,0.0,,6.0,0.0,0.690851220612382,-0.722996950877651,70.0,4.0,0.0,0.0,77.0
197,3,377.25676036082,377.25676036082,573,219.0,1073515.0,6981.3797768133645,8412.226420349501,-31.210420705312504,-12.067256481991823,0.0,0.0,,67.0,1.0,-0.932665110117277,-0.360743388532522,70.0,4.0,0.0,0.0,52.0
198,3,377.397930173638,377.397930173638,573,75.0,1074278.0,6712.604213213229,8861.937940441798,5.156692350607581,21.891132482811866,0.0,0.0,,9.0,0.0,0.22924387820409903,0.9733690175395681,50.0,4.0,0.0,0.0,68.0
199,3,377.474777438507,377.474777438507,573,135.0,1074527.0,6787.344971873168,8534.000878158333,-21.02627646648542,0.782860195563514,0.0,0.0,,271.0,0.0,-0.9993212157251381,0.036838944089535,70.0,4.0,0.0,0.0,44.0
200,2,,378.0,573,,,6762.909492287272,8659.437377010383,9.0111727568067,-18.60102064994212,,,,,,,,,,,,
201,3,378.01151063219703,378.01151063219703,573,561.0,1077002.0,6864.576593417228,8532.93638654409,11.368683730176981,-11.897303169437889,1.0,0.0,,22.0,0.0,0.690851220612382,-0.722996950877651,70.0,4.0,0.0,0.0,77.0
202,3,378.25676224376195,378.25676224376195,573,219.0,1077908.0,6950.098994951479,8400.219851927184,-31.265113354810342,-11.658689146811545,0.0,0.0,,3.0,0.0,-0.93692624478437,-0.349527126034958,70.0,4.0,0.0,0.0,52.0
203,3,378.39793905730903,378.39793905730903,573,75.0,1078589.0,6717.988536486546,8885.216144452728,5.674849586850799,24.092021952238134,0.0,0.0,,32.0,0.0,0.22924387820388603,0.9733690175396181,50.0,4.0,0.0,0.0,68.0
204,3,378.474779359105,378.474779359105,573,135.0,1078837.0,6766.68649232701,8530.147322862193,-20.464340630641296,-4.592023511701035,0.0,0.0,,292.0,0.0,-0.975677703587648,-0.21920998773307102,70.0,4.0,0.0,0.0,44.0
205,2,,379.0,573,,,6772.020402479579,8640.824206684807,9.010828336237383,-18.6002284071007,,,,,,,,,,,,
206,3,379.011512528524,379.011512528524,573,561.0,1081256.0,6876.1630069457815,8521.02744001374,11.412617281176267,-11.943280975463267,1.0,0.0,,39.0,0.0,0.6908512206124281,-0.7229969508776071,70.0,4.0,0.0,0.0,77.0
207,3,379.256764035992,379.256764035992,573,219.0,1082118.0,6918.815211093929,8388.198590330525,-31.155666687094953,-12.003083516246749,0.0,0.0,,36.0,0.0,-0.9330911953961051,-0.359639849118902,70.0,4.0,0.0,0.0,52.0
208,3,379.3979296415469,379.3979296415469,573,75.0,1082759.0,6723.879088373292,8910.6848186216,6.176790482065091,26.220902889720673,0.0,0.0,,58.0,0.0,0.22924387820388603,0.9733690175396181,50.0,4.0,0.0,0.0,68.0
209,3,379.474781204604,379.474781204604,573,135.0,1083007.0,6748.2726359895405,8520.383476108911,-16.901539050382848,-12.609683956611367,0.0,0.0,,313.0,0.0,-0.801470020076617,-0.598034954595788,70.0,4.0,0.0,0.0,44.0
210,2,,380.0,573,,,6784.053383508986,8623.923845050751,11.95665782183697,-16.900964526691588,,,,,,,,,,,,
211,3,380.011514348517,380.011514348517,573,561.0,1089431.0,6887.200710547977,8509.14260587546,11.354666432815588,-11.882633638646753,1.0,0.0,,55.0,0.0,0.690851220612382,-0.722996950877651,70.0,4.0,0.0,0.0,77.0
212,3,380.256765734757,380.256765734757,573,219.0,1090301.0,6887.551144242818,8376.164547468212,-31.146773954287333,-11.999976223114134,0.0,0.0,,70.0,0.0,-0.933091195396135,-0.359639849118823,70.0,4.0,0.0,0.0,52.0
213,3,380.474782959358,380.474782959358,573,135.0,1091186.0,6733.312593807819,8505.549430727255,-12.44808763563641,-16.98315718017359,0.0,0.0,,334.0,0.0,-0.5912291783704,-0.8065036011348371,70.0,4.0,0.0,0.0,44.0
214,2,,381.0,573,,,6796.369050148702,8607.27748579881,12.784681550655701,-16.24129464083436,,,,,,,,,,,,
215,3,381.011516074838,381.011516074838,573,561.0,1093680.0,6898.351927779604,8497.245371439085,11.333203565881925,-11.860172091375633,1.0,0.0,,72.0,0.0,0.6725281092414801,-0.740071579159799,70.0,4.0,0.0,0.0,77.0
216,3,381.256761446197,381.256761446197,573,219.0,1094631.0,6856.277278701119,8364.132521547563,-31.240619694189675,-12.035198975098545,0.0,0.0,,103.0,0.0,-0.9330911953961291,-0.359639849118841,70.0,4.0,0.0,0.0,52.0
217,3,381.474778703872,381.474778703872,573,135.0,1095604.0,6722.516081611442,8487.64618959712,-9.183314361896528,-18.885016147572813,0.0,0.0,,355.0,0.0,-0.437450803455243,-0.899242344730474,70.0,4.0,0.0,0.0,44.0
218,2,,382.0,573,,,6809.10950242948,8591.050875456847,12.793273344898884,-16.249585027536902,,,,,,,,,,,,
219,3,382.011511791472,382.011511791472,573,561.0,1102346.0,6909.5663370114935,8485.263889620703,11.03755210930191,-12.144913688822896,1.0,0.0,,88.0,0.0,0.60550625682003,-0.795840544928313,70.0,4.0,0.0,0.0,77.0
220,3,382.25675708003297,382.25675708003297,573,219.0,1103347.0,6824.838753672196,8352.077268300805,-31.201812022911447,-12.019232364420567,0.0,0.0,,137.0,0.0,-0.933091195396159,-0.359639849118761,70.0,4.0,0.0,0.0,52.0
221,3,382.474774323651,382.474774323651,573,135.0,1104310.0,6717.570790106077,8467.291997781045,-2.750238042022834,-20.868042007326803,0.0,0.0,,376.0,0.0,-0.13094638353064,-0.9913894515477991,70.0,4.0,0.0,0.0,44.0
222,2,,383.0,573,,,6822.974816319231,8575.65344841359,13.853129033077176,-15.36119866780692,,,,,,,,,,,,
223,3,383.0115203828069,383.0115203828069,573,561.0,1106853.0,6919.564210907407,8472.18213617771,9.948688143868397,-13.074747391941711,1.0,0.0,,104.0,0.0,0.6055062568199151,-0.7958405449284011,70.0,4.0,0.0,0.0,77.0
224,3,383.256766090665,383.256766090665,573,219.0,1107779.0,6793.625473356709,8340.056128364675,-31.145532291974458,-11.997337202590632,0.0,0.0,,170.0,0.0,-0.933091195396159,-0.359639849118761,70.0,4.0,0.0,0.0,52.0
225,3,383.47478328437103,383.47478328437103,573,135.0,1108881.0,6717.312071654026,8446.436641667759,3.027149849679795,-20.79950091786961,0.0,0.0,,397.0,0.0,0.14365039872336402,-0.9896284974406391,70.0,4.0,0.0,0.0,44.0
226,2,,384.0,573,,,6837.233466978929,8560.606915589458,14.38005367675241,-14.91153391500571,,,,,,,,,,,,
227,3,384.011516313882,384.011516313882,573,561.0,1111314.0,6929.641999387552,8459.07759796844,9.930259896908318,-13.050526426534303,1.0,0.0,,121.0,0.0,0.48384833160057505,-0.8751518679676911,70.0,4.0,0.0,0.0,77.0
228,3,384.256755331824,384.256755331824,573,219.0,1112332.0,6762.3722687193895,8328.112078790831,-31.328558859116285,-11.452943023482204,0.0,0.0,,204.0,0.0,-0.939143055604825,-0.34352630337316503,70.0,4.0,0.0,0.0,52.0
229,3,384.47478545768996,384.47478545768996,573,135.0,1113313.0,6720.386688923217,8425.593013666727,3.034753033723803,-20.852174199033882,0.0,0.0,,418.0,0.0,0.14365039872336402,-0.9896284974406391,70.0,4.0,0.0,0.0,44.0
230,2,,385.0,573,,,6851.22804826093,8545.763052562952,14.365804378304203,-14.896295239118162,,,,,,,,,,,,
231,3,385.011518456084,385.011518456084,573,561.0,1115900.0,6937.428193441262,8444.773453082076,7.971781940960092,-14.417356348706715,1.0,0.0,,137.0,0.0,0.415214100499798,-0.909723722206991,70.0,4.0,0.0,0.0,77.0
232,3,385.256753903002,385.256753903002,573,219.0,1117158.0,6730.928741664538,8316.67940743929,-31.384066872076108,-11.395094317578641,0.0,0.0,,237.0,0.0,-0.9398955599085551,-0.341462057136928,70.0,4.0,0.0,0.0,52.0
233,3,385.474783959129,385.474783959129,573,135.0,1118103.0,6724.891812433586,8405.018697191445,4.511885809242029,-20.556159417790127,0.0,0.0,,439.0,0.0,0.21401811303161503,-0.976829692062227,70.0,4.0,0.0,0.0,44.0
234,2,,386.0,573,,,6867.912430288565,8535.241650423226,16.70910456946377,-12.154895005882816,,,,,,,,,,,,
235,3,386.011516934106,386.011516934106,573,561.0,1120458.0,6944.3695476919465,8429.970835997687,6.841633009794896,-14.98818921449844,1.0,0.0,,154.0,0.0,0.41521410049983204,-0.9097237222069751,70.0,4.0,0.0,0.0,77.0
236,3,386.256765243144,386.256765243144,573,219.0,1121399.0,6699.600136100102,8305.276957259299,-31.40086429313962,-11.401944150125692,0.0,0.0,,270.0,0.0,-0.939895559908504,-0.341462057137067,70.0,4.0,0.0,0.0,52.0
237,3,386.47478226164594,386.47478226164594,573,135.0,1122396.0,6729.4289747796,8384.454864128647,4.523169925275576,-20.607762257812333,0.0,0.0,,460.0,0.0,0.21401811303161503,-0.976829692062227,70.0,4.0,0.0,0.0,44.0
238,2,,387.0,573,,,6884.5084872502675,8523.102109890255,16.73072740202984,-12.168273653331385,,,,,,,,,,,,
239,3,387.011515219422,387.011515219422,573,561.0,1125076.0,6951.281425774477,8414.98537927395,6.816044159907,-14.932124683598339,1.0,0.0,,170.0,0.0,0.23356251199956202,-0.972341788152938,70.0,4.0,0.0,0.0,77.0
240,3,387.256763385186,387.256763385186,573,219.0,1126110.0,6668.087635273627,8294.092785000359,-31.489783405125362,-11.062671501695233,0.0,0.0,,304.0,0.0,-0.943416549489792,-0.331610033245037,70.0,4.0,0.0,0.0,52.0
241,3,387.47478039640504,387.47478039640504,573,135.0,1127070.0,6733.981625228043,8363.892756368721,4.518314306668315,-20.58657177410042,0.0,0.0,,481.0,0.0,0.214018113031634,-0.976829692062223,70.0,4.0,0.0,0.0,44.0
242,2,,388.0,573,,,6902.065760957554,8512.00071776251,17.78898551440355,-10.39425021030016,,,,,,,,,,,,
243,3,388.01151333763494,388.01151333763494,573,561.0,1129591.0,6955.423600319756,8399.088199709886,3.851170949848264,-16.030089385723628,1.0,0.0,,187.0,0.0,0.19129639178457,-0.98153231759846,70.0,4.0,0.0,0.0,77.0
244,3,388.474778434914,388.474778434914,573,135.0,1131635.0,6739.425482392786,8343.564402450003,5.9337978693843585,-20.215508070012984,0.0,0.0,,502.0,0.0,0.28129666436474804,-0.95962085565981,70.0,4.0,0.0,0.0,44.0
245,2,,389.0,573,,,6920.338301489539,8502.755072630558,18.67495308476573,-8.751839333603906,,,,,,,,,,,,
246,3,389.01151182807,389.01151182807,573,561.0,1138537.0,6958.96123925419,8383.05778207427,3.148669184899902,-16.152480525053818,1.0,0.0,,203.0,0.0,0.065998088537983,-0.9978197494083451,70.0,4.0,0.0,0.0,77.0
247,3,389.474776432943,389.474776432943,573,135.0,1140554.0,6745.365412454732,8323.358977384603,5.90903683753964,-20.132370145713825,0.0,0.0,,523.0,0.0,0.28129666436474804,-0.95962085565981,70.0,4.0,0.0,0.0,44.0
248,3,389.685873803947,389.685873803947,573,405.0,1141589.0,6614.834916415031,8295.53774794839,34.420579482758974,11.180292687640941,0.0,0.0,,457.0,0.0,0.951086075247032,0.308926006466266,50.0,4.0,0.0,0.0,95.0
249,2,,390.0,573,,,6939.428933374018,8495.213531671929,19.410124900055834,-6.967774945553467,,,,,,,,,,,,
250,3,390.011518204669,390.011518204669,573,561.0,1147257.0,6960.473127959401,8366.618250478332,1.087960682212527,-16.440847959292608,1.0,0.0,,220.0,0.0,-0.092144712295537,-0.9957456261495561,70.0,4.0,0.0,0.0,77.0
251,3,390.47478311895895,390.47478311895895,573,135.0,1149242.0,6751.310632715859,8303.14769134748,5.929699448727754,-20.203373681986616,0.0,0.0,,544.0,0.0,0.28129666436458,-0.9596208556598591,70.0,4.0,0.0,0.0,44.0
252,3,390.685867341246,390.685867341246,573,405.0,1150279.0,6648.8724697001735,8307.396320289414,34.13040762252154,12.063390309677285,0.0,0.0,,493.0,0.0,0.9428397670657761,0.333246415793707,50.0,4.0,0.0,0.0,95.0
253,2,,391.0,573,,,6959.39321612975,8488.942539569402,19.779011078204274,-5.7749165952837185,,,,,,,,,,,,
254,3,391.011511715505,391.011511715505,573,561.0,1151918.0,6960.839158927211,8350.200173144614,-1.520420061134001,-16.434481157199848,1.0,0.0,,236.0,0.0,-0.092144712295537,-0.9957456261495561,70.0,4.0,0.0,0.0,77.0
255,3,391.474776983957,391.474776983957,573,135.0,1153934.0,6757.270276662997,8282.948360951279,5.936014160958428,-20.224915812832904,0.0,0.0,,565.0,0.0,0.28129666436474804,-0.95962085565981,70.0,4.0,0.0,0.0,44.0
256,3,391.685874063899,391.685874063899,573,405.0,1154953.0,6683.309320824961,8319.416412678682,34.158785844501026,12.073460739428516,0.0,0.0,,529.0,0.0,0.9428397670657441,0.33324641579379705,50.0,4.0,0.0,0.0,95.0
257,2,,392.0,573,,,6979.587399840479,8484.41096714935,20.38707028979362,-2.981884134370042,,,,,,,,,,,,
258,3,392.01151843174597,392.01151843174597,573,561.0,1156451.0,6959.242769921423,8333.799332171116,-1.5173730294303471,-16.401266357395354,1.0,0.0,,253.0,0.0,-0.25030825709351,-0.9681661925675821,70.0,4.0,0.0,0.0,77.0
259,3,392.474775749128,392.474775749128,573,135.0,1158339.0,6763.26602643131,8262.752862845546,5.919427061047472,-20.168535732516315,0.0,0.0,,586.0,0.0,0.28129666436458,-0.9596208556598591,70.0,4.0,0.0,0.0,44.0
260,3,392.685872699475,392.685872699475,573,405.0,1159311.0,6717.17626845646,8331.759403500804,34.11383589384168,12.337203996880671,0.0,0.0,,565.0,0.0,0.9403928994290761,0.34008998030429405,50.0,4.0,0.0,0.0,95.0
261,2,,393.0,573,,,7000.108081399182,8481.402297807854,20.40510203436028,-2.984770235677944,,,,,,,,,,,,
262,3,393.011517068536,393.011517068536,573,561.0,1164974.0,6955.793096125967,8317.727598940266,-4.129544948870342,-15.973720483070245,1.0,0.0,,269.0,0.0,-0.32335763442479004,-0.9462768306680681,70.0,4.0,0.0,0.0,77.0
263,3,393.47478315846,393.47478315846,573,135.0,1167067.0,6768.934924145329,8242.475264712577,5.203789154387925,-20.319428639256916,0.0,0.0,,607.0,0.0,0.247776839372699,-0.968817133348949,70.0,4.0,0.0,0.0,44.0
264,3,393.685866980646,393.685866980646,573,405.0,1168086.0,6751.248498320085,8344.055484533072,34.036435636160654,12.309212449805289,0.0,0.0,,602.0,0.0,0.9403928994291081,0.340089980304205,50.0,4.0,0.0,0.0,95.0
265,2,,394.0,573,,,7020.800509109677,8480.242482826357,20.682453341464946,-0.35654762756233105,,,,,,,,,,,,
266,3,394.011511382379,394.011511382379,573,561.0,1169492.0,6951.526498980167,8301.905549106734,-5.328836913858591,-15.595632638835632,1.0,0.0,,286.0,0.0,-0.41940419636720205,-0.9077996034751171,70.0,4.0,0.0,0.0,77.0
267,3,394.685876088603,394.685876088603,573,405.0,1172596.0,6784.885973788499,8356.935019348895,33.72628737593741,13.062491656049659,0.0,0.0,,638.0,0.0,0.9325019138321141,0.361165032498224,50.0,4.0,0.0,0.0,95.0
268,2,,395.0,573,,,7041.497653031578,8481.102643363569,20.615104286087686,1.8992409716670091,,,,,,,,,,,,
269,3,395.01152055133,395.01152055133,573,561.0,1173938.0,6945.031364518005,8286.93569323499,-6.917881376831719,-14.974252560510267,1.0,0.0,,302.0,0.0,-0.48021075319493406,-0.8771531408573721,70.0,4.0,0.0,0.0,77.0
270,3,395.685872146636,395.685872146636,573,405.0,1177003.0,6818.872390888733,8369.959474687732,33.72977986930413,13.063909932872065,0.0,0.0,,674.0,0.0,0.9325019138321141,0.361165032498224,50.0,4.0,0.0,0.0,95.0
271,2,,396.0,573,,,7062.102511970597,8482.980428150011,20.518791760180104,1.889892531532817,,,,,,,,,,,,
272,3,396.011516718801,396.011516718801,573,561.0,1182503.0,6937.314020122475,8272.282274437588,-7.903920577988784,-14.437549685998482,1.0,0.0,,319.0,0.0,-0.48021075319489603,-0.877153140857393,70.0,4.0,0.0,0.0,77.0
273,3,396.685868202037,396.685868202037,573,405.0,1185356.0,6852.486567969575,8383.061920379321,33.77181614754741,13.08019090084933,0.0,0.0,,710.0,0.0,0.9325019138321141,0.361165032498224,50.0,4.0,0.0,0.0,95.0
274,2,,397.0,573,,,7082.187927044363,8487.510053921711,19.71915422367006,6.01636111466521,,,,,,,,,,,,
275,3,397.011512949949,397.011512949949,573,561.0,1186761.0,6929.212111138717,8257.842797692258,-7.925185486620977,-14.47646371430583,1.0,0.0,,335.0,0.0,-0.693515814828046,-0.720441402602176,70.0,4.0,0.0,0.0,77.0
276,3,397.685864329755,397.685864329755,573,405.0,1189568.0,6886.205269596735,8396.154414787985,33.83082393325136,13.103045061817037,0.0,0.0,,746.0,0.0,0.9325019138321141,0.361165032498224,50.0,4.0,0.0,0.0,95.0
277,2,,398.0,573,,,7101.6522940872155,8493.578348725689,19.788766916244914,6.03741543748114,,,,,,,,,,,,
278,3,398.01152229391096,398.01152229391096,573,561.0,1191015.0,6919.6886786207115,8244.80658746613,-11.403926232172449,-11.846716033052934,1.0,0.0,,351.0,0.0,-0.6935158148281401,-0.720441402602085,70.0,4.0,0.0,0.0,77.0
279,3,398.685873569928,398.685873569928,573,405.0,1194185.0,6919.754903029741,8409.27104744388,33.720219428584656,13.060178294541807,0.0,0.0,,783.0,0.0,0.9325019138321481,0.36116503249813703,50.0,4.0,0.0,0.0,95.0
280,2,,399.0,573,,,7121.4978851886435,8498.929939981159,20.3527842883233,3.19210147870747,,,,,,,,,,,,
281,3,399.01151879476896,399.01151879476896,573,561.0,1195697.0,6908.227387141846,8232.932231075089,-11.422487480452531,-11.866008891475094,1.0,0.0,,368.0,0.0,-0.7077597873430981,-0.706453171427556,70.0,4.0,0.0,0.0,77.0
282,3,399.685869962899,399.685869962899,573,405.0,1198695.0,6953.860341131128,8422.282847546732,33.71310934946013,13.057424507212701,0.0,0.0,,819.0,0.0,0.9325019138321141,0.361165032498224,50.0,4.0,0.0,0.0,95.0
283,2,,400.0,573,,,7142.081339404431,8502.035894626406,20.361999987355475,3.265415227551776,,,,,,,,,,,,
284,3,400.68587102271795,400.68587102271795,573,405.0,1202971.0,6987.73727505952,8435.342873963273,33.831555341297815,13.103299534226998,0.0,0.0,,855.0,0.0,0.9325019138321481,0.36116503249813703,50.0,4.0,0.0,0.0,95.0
285,2,,401.0,573,,,7162.572548919967,8505.830848498377,19.94034661414964,5.265904692913532,,,,,,,,,,,,
286,3,401.685871977835,401.685871977835,573,405.0,1207301.0,7021.788002808333,8448.200173140074,33.88287898455197,12.718575039676866,0.0,0.0,,891.0,0.0,0.9362163003640541,0.35142430042989703,50.0,4.0,0.0,0.0,95.0
287,2,,402.0,573,,,7182.510071947682,8512.330975959505,19.570694056571654,6.542181234506056,,,,,,,,,,,,
288,3,402.68587282920504,402.68587282920504,573,405.0,1211701.0,7055.702349427351,8460.800165818448,34.15928140191113,12.164908854084633,0.0,0.0,,927.0,0.0,0.942046483813428,0.335482372614055,50.0,4.0,0.0,0.0,95.0
289,2,,403.0,573,,,7202.3234344113,8518.83749373602,19.60373747060188,6.553358232218746,,,,,,,,,,,,
290,3,403.685873577334,403.685873577334,573,405.0,1216175.0,7089.798897990013,8472.931734934271,34.073509860899684,12.134357072956332,0.0,0.0,,964.0,0.0,0.9420464838134831,0.335482372613901,50.0,4.0,0.0,0.0,95.0
291,2,,404.0,573,,,7221.762973411054,8525.369427369547,19.6566196752086,6.481517842832675,,,,,,,,,,,,
292,3,404.68587422177495,404.68587422177495,573,405.0,1220667.0,7123.734709261261,8485.104876008507,34.08059338695143,12.136879664113549,0.0,0.0,,1000.0,0.0,0.942046483813451,0.33548237261399105,50.0,4.0,0.0,0.0,95.0
293,2,,405.0,573,,,7241.588293164845,8530.613429046547,20.038769498005863,5.239907035588608,,,,,,,,,,,,
294,3,405.68587476096604,405.68587476096604,573,405.0,1224815.0,7157.64204301645,8497.295956310723,34.12890526424295,12.154080840666579,0.0,0.0,,1036.0,0.0,0.942046483813428,0.335482372614055,50.0,4.0,0.0,0.0,95.0
295,2,,406.0,573,,,7261.694543198814,8535.830065581242,19.982798716103833,5.225879279759897,,,,,,,,,,,,
296,3,406.685875195665,406.685875195665,573,405.0,1233379.0,7191.878227246977,8508.63867052264,34.421216847574065,11.256951244960208,0.0,0.0,,1072.0,0.0,0.9504644008735851,0.31083343235890204,50.0,4.0,0.0,0.0,95.0
297,3,406.8706603904,406.8706603904,573,303.0,1234310.0,7694.411109614086,8569.589696746674,-34.10071494209582,0.592663659621479,0.0,0.0,,5488.0,1.0,-0.999853929301001,0.017091520159077,50.0,4.0,0.0,0.0,41.0
298,2,,407.0,573,,,7281.699395383427,8541.06524535484,19.987982895528575,5.227261243891337,,,,,,,,,,,,
299,3,407.12199637475,407.12199637475,573,255.0,1235372.0,7664.092221828626,8566.771580837792,-29.895225379149196,-0.23133035585129003,0.0,0.0,,5518.0,0.0,-0.9999648652644011,-0.008382615149612001,30.0,4.0,0.0,0.0,0.0
300,3,407.68587270592,407.68587270592,573,405.0,1237905.0,7226.289642378604,8519.504807542022,34.70495549907943,10.256004386224095,0.0,0.0,,1109.0,0.0,0.9590012294184831,0.28340190891001005,50.0,4.0,0.0,0.0,95.0
301,3,407.87066395271006,407.87066395271006,573,303.0,1238842.0,7660.011220865852,8569.882400783537,-34.019227002783204,-0.27140644862665003,0.0,0.0,,5522.0,1.0,-0.999964997894854,-0.008366778659886,50.0,4.0,0.0,0.0,41.0
302,2,,408.0,573,,,7301.382645563812,8546.326251198034,20.017085306333772,5.233739823812887,,,,,,,,,,,,
303,3,408.12198696224294,408.12198696224294,573,255.0,1239896.0,7634.293762591617,8566.507572819137,-29.887085799678786,-0.389443358238719,0.0,0.0,,5548.0,0.0,-0.9999072872447561,-0.013616787977787,30.0,4.0,0.0,0.0,0.0
304,3,408.68586318955704,408.68586318955704,573,405.0,1242346.0,7261.043941617016,8529.757668350676,34.79148042590104,10.281574040023616,0.0,0.0,,1145.0,0.0,0.9590012294184831,0.28340190891001005,50.0,4.0,0.0,0.0,95.0
305,3,408.87065407437296,408.87065407437296,573,303.0,1243190.0,7625.720864248266,8569.42834595888,-34.02477086365768,-0.954571793549935,0.0,0.0,,5556.0,1.0,-0.9995940031284861,-0.028492611490829003,50.0,4.0,0.0,0.0,41.0
306,2,,409.0,573,,,7321.502627729347,8550.112664628701,20.371551353157226,3.376271175173909,,,,,,,,,,,,
307,3,409.12199010994794,409.12199010994794,573,255.0,1244188.0,7604.256379488445,8565.623364381709,-29.963941759450513,-0.8366739076502201,0.0,0.0,,5578.0,0.0,-0.9995920864606941,-0.028559773898886004,30.0,4.0,0.0,0.0,0.0
308,3,409.68586623160104,409.68586623160104,573,405.0,1246689.0,7295.931905609016,8539.337613109097,35.09645910785276,9.021939232279202,0.0,0.0,,1181.0,0.0,0.96851250945609,0.24896489517011502,50.0,4.0,0.0,0.0,95.0
309,3,409.870656753599,409.870656753599,573,303.0,1247531.0,7591.726531457247,8568.256066441647,-33.983638002726266,-2.207621940133852,0.0,0.0,,5590.0,1.0,-0.997874235922913,-0.065169082249642,50.0,4.0,0.0,0.0,41.0
310,2,,410.0,573,,,7341.930846710593,8553.78903694332,20.227821783483265,4.4951021895601695,,,,,,,,,,,,
311,3,410.12199281664,410.12199281664,573,255.0,1248569.0,7574.51955512899,8563.946447165723,-29.839369541169244,-1.9296754446029092,0.0,0.0,,5608.0,0.0,-0.997879177616603,-0.065093370470511,30.0,4.0,0.0,0.0,0.0
312,3,410.68586884569197,410.68586884569197,573,405.0,1251001.0,7331.132107241138,8547.777159353167,35.2114182692667,8.242204410530983,0.0,0.0,,1217.0,0.0,0.9736809189600861,0.22791548445211302,50.0,4.0,0.0,0.0,95.0
313,3,410.870658996948,410.870658996948,573,303.0,1251892.0,7557.9616217168095,8566.006098099358,-33.95791129084577,-2.21001933474575,0.0,0.0,,5624.0,1.0,-0.997874235922913,-0.065169082249642,50.0,4.0,0.0,0.0,41.0
314,2,,411.0,573,,,7361.938731895312,8558.258586372216,20.266326680422548,4.326372167143369,,,,,,,,,,,,
315,3,411.12199508831594,411.12199508831594,573,255.0,1252980.0,7544.7660173008035,8561.832040631283,-29.808340337835435,-2.619252919993698,0.0,0.0,,5638.0,0.0,-0.996119771042221,-0.08800796406457301,30.0,4.0,0.0,0.0,0.0
316,3,411.685871179317,411.685871179317,573,405.0,1255373.0,7366.407352452164,8555.790512185918,35.49970415924707,6.846090564437111,0.0,0.0,,5.0,0.0,0.981907923084487,0.189358999215531,50.0,4.0,0.0,0.0,95.0
317,3,411.870660877963,411.870660877963,573,303.0,1256262.0,7524.3053351156495,8563.115228964913,-33.977292900645594,-2.994963832762823,0.0,0.0,,5658.0,1.0,-0.9961192362077631,-0.088014017388491,50.0,4.0,0.0,0.0,41.0
318,2,,412.0,573,,,7383.319184834957,8562.51112334343,22.356575736985143,4.464683261715731,,,,,,,,,,,,
319,3,412.12199699242996,412.12199699242996,573,255.0,1257358.0,7515.1156871674775,8559.213631304023,-29.76431012049819,-2.616477848376725,0.0,0.0,,5668.0,0.0,-0.996119771042221,-0.08800796406457301,30.0,4.0,0.0,0.0,0.0
320,3,412.685873170382,412.685873170382,573,405.0,1259676.0,7402.1032561953725,8562.49323300173,35.79951387853967,5.689240168268087,0.0,0.0,,33.0,1.0,0.987606621719555,0.15694954837681502,50.0,4.0,0.0,0.0,95.0
321,3,412.87066241882695,412.87066241882695,573,303.0,1260557.0,7490.834553745037,8556.19097664584,-33.86454421157368,-4.432818656542899,0.0,0.0,,5692.0,0.0,-0.991515293568703,-0.129990086619585,50.0,4.0,0.0,0.0,41.0
322,2,,413.0,573,,,7407.01712233544,8566.59566102708,24.29520273919213,3.867583305962969,,,,,,,,,,,,
323,3,413.12198555469706,413.12198555469706,573,255.0,1261746.0,7485.384952707967,8555.67980010669,-29.632871775226093,-3.8736288072562752,0.0,0.0,,5698.0,0.0,-0.991515293568702,-0.12999008661959602,30.0,4.0,0.0,0.0,0.0
324,3,413.685874807444,413.685874807444,573,405.0,1263987.0,7438.188980497159,8568.140050638776,35.77669910341909,5.685614464906918,0.0,0.0,,69.0,1.0,0.9876066217195401,0.15694954837691402,50.0,4.0,0.0,0.0,95.0
325,3,413.8706638798909,413.8706638798909,573,303.0,1264823.0,7457.237639201478,8551.557254220821,-33.637242309545606,-5.484443982920173,0.0,0.0,,5727.0,0.0,-0.986938215308479,-0.16109922148698702,50.0,4.0,0.0,0.0,41.0
326,2,,414.0,573,,,7432.192067584486,8570.656974470607,26.217090110544774,4.17322653636923,,,,,,,,,,,,
327,3,414.121986996754,414.121986996754,573,255.0,1270187.0,7455.790337124796,8551.584858822222,-29.489442729410975,-4.799350407555263,0.0,0.0,,5728.0,0.0,-0.9869382153084891,-0.16109922148692302,30.0,4.0,0.0,0.0,0.0
328,3,414.685863310684,414.685863310684,573,405.0,1272641.0,7473.959165639302,8569.832079276148,35.965207001048064,4.112904092255319,0.0,0.0,,15.0,1.0,0.9935246296057091,0.11361694577323,50.0,4.0,0.0,0.0,95.0
329,3,414.87065272501,414.87065272501,573,303.0,1273649.0,7423.472558747108,8546.08968158684,-33.58279782923654,-5.474716920119399,0.0,0.0,,5761.0,0.0,-0.986938215308479,-0.16109922148698702,50.0,4.0,0.0,0.0,41.0
330,2,,415.0,573,,,7459.3208950288945,8571.588050473349,25.05868944184415,-13.683462146448282,,,,,,,,,,,,
331,3,415.12198877035,415.12198877035,573,255.0,1274704.0,7426.050468071721,8546.73157645699,-29.577849571533996,-4.81219881975716,0.0,0.0,,5758.0,0.0,-0.9869382153084891,-0.16109922148692302,30.0,4.0,0.0,0.0,0.0
332,3,415.685865156791,415.685865156791,573,405.0,1277086.0,7510.0207154085865,8573.874654527353,35.965213230757534,3.673818500198659,0.0,0.0,,51.0,1.0,0.9948234651437161,0.10161827197630001,50.0,4.0,0.0,0.0,95.0
333,3,415.870654942678,415.870654942678,573,303.0,1278028.0,7390.281413447461,8540.415602515057,-33.38784958964124,-6.486966287132735,0.0,0.0,,21.0,1.0,-0.9815968079928181,-0.190965197191296,50.0,4.0,0.0,0.0,41.0
334,2,,416.0,573,,,7488.844180732135,8575.01602646822,30.52968181338769,3.4988781092570562,,,,,,,,,,,,
335,3,416.12199101717994,416.12199101717994,573,255.0,1279035.0,7396.785146090673,8541.89442860111,-29.486898363752058,-4.790992268311441,0.0,0.0,,14.0,1.0,-0.9869653688065201,-0.16093278341161102,30.0,4.0,0.0,0.0,0.0
336,3,416.68586741714404,416.68586741714404,573,405.0,1281412.0,7545.990585171249,8577.579639202182,36.06155388977975,3.683659413320073,0.0,0.0,,87.0,1.0,0.9948234651437141,0.10161827197632001,50.0,4.0,0.0,0.0,95.0
337,3,416.814303116406,416.814303116406,573,309.0,1282048.0,7851.519812547882,8555.735871613218,-32.6926458515037,3.907624122456708,0.0,0.0,,5331.0,0.0,-0.9929890712036531,0.118206194719672,70.0,4.0,0.0,0.0,77.0
338,3,416.87065767254603,416.87065767254603,573,303.0,1282456.0,7356.880806273275,8533.913813513584,-33.50892433213844,-6.51311102950352,0.0,0.0,,55.0,1.0,-0.9815968079928181,-0.190965197191296,50.0,4.0,0.0,0.0,41.0
339,2,,417.0,573,,,7520.997850786067,8575.17089023632,32.448171420930564,3.3217546168722523,,,,,,,,,,,,
340,3,417.12199372657994,417.12199372657994,573,255.0,1283552.0,7367.380495199273,8536.178942094528,-29.315057753507393,-5.685873223475261,0.0,0.0,,44.0,1.0,-0.981596807992801,-0.19096519719138202,30.0,4.0,0.0,0.0,0.0
341,3,417.685870146568,417.685870146568,573,405.0,1285882.0,7582.300874771055,8579.848024852656,36.15392008026782,2.056495199815073,0.0,0.0,,123.0,1.0,0.998386183845367,0.05678932916211601,50.0,4.0,0.0,0.0,95.0
342,3,417.814305384868,417.814305384868,573,309.0,1286425.0,7818.798616790757,8559.609735121292,-32.73481135628868,3.914577300263621,0.0,0.0,,5364.0,0.0,-0.9929890712036511,0.11820619471969301,70.0,4.0,0.0,0.0,77.0
343,3,417.87066084833697,417.87066084833697,573,303.0,1286754.0,7323.371938847973,8526.552262323972,-33.199786965421154,-7.749290965533486,0.0,0.0,,89.0,1.0,-0.9737796513124951,-0.227493276141767,50.0,4.0,0.0,0.0,41.0
344,2,,418.0,573,,,7554.706869295156,8578.421687386446,34.57537845592273,2.367010116081084,,,,,,,,,,,,
345,3,418.12199690513495,418.12199690513495,573,255.0,1287820.0,7338.109234712148,8530.122925887763,-29.193282477323898,-6.807201248955193,0.0,0.0,,74.0,1.0,-0.9737796513124961,-0.227493276141762,30.0,4.0,0.0,0.0,0.0
346,3,418.68587333397994,418.68587333397994,573,405.0,1290056.0,7618.470787530949,8581.507234319617,36.24405983069654,1.3536471978791251,0.0,0.0,,159.0,1.0,0.999303308589875,0.037321541250698004,50.0,4.0,0.0,0.0,95.0
347,3,418.81430811313,418.81430811313,573,309.0,1290635.0,7785.905001862713,8562.388519219852,-32.847646567331346,2.372432095038402,0.0,0.0,,5397.0,0.0,-0.9974371267835721,0.07154843194459701,70.0,4.0,0.0,0.0,77.0
348,3,418.870657022927,418.870657022927,573,303.0,1291100.0,7290.359723974023,8518.462657481385,-33.05352553252997,-8.24164983168604,0.0,0.0,,6.0,0.0,-0.9702456189495061,-0.24212277651904102,50.0,4.0,0.0,0.0,41.0
349,2,,419.0,573,,,7590.3674638320135,8580.452913552494,36.54329974480816,2.086838988812983,,,,,,,,,,,,
350,3,419.12199308084394,419.12199308084394,573,255.0,1292118.0,7308.941950086179,8523.319529900247,-29.114243435489147,-6.788032584075091,0.0,0.0,,104.0,1.0,-0.9737796513125151,-0.22749327614168402,30.0,4.0,0.0,0.0,0.0
351,3,419.685869503674,419.685869503674,573,405.0,1294458.0,7654.303157525899,8585.698409777238,36.22766198767258,0.37459636738060703,0.0,0.0,,196.0,0.0,0.9999465663002631,0.010337530861494,50.0,4.0,0.0,0.0,95.0
352,3,419.81430383299204,419.81430383299204,573,309.0,1294993.0,7753.028555673889,8564.713916639741,-32.81846846477863,2.370869715054947,0.0,0.0,,5430.0,0.0,-0.9974371267835791,0.07154843194450701,70.0,4.0,0.0,0.0,77.0
353,2,,420.0,573,,,7628.151079344228,8582.005531550582,38.42994327929674,1.443531008202626,,,,,,,,,,,,
354,3,420.121993674784,420.121993674784,573,255.0,1296342.0,7280.048795552409,8515.83951519515,-28.712892785091995,-8.226001722587817,0.0,0.0,,17.0,0.0,-0.961211509287043,-0.27581231737202,30.0,4.0,0.0,0.0,0.0
355,3,420.68587007929904,420.68587007929904,573,405.0,1298536.0,7690.447241767685,8585.421069495836,36.17343778280501,-1.054369733014575,0.0,0.0,,232.0,0.0,0.9995754479317971,-0.029136298528594003,50.0,4.0,0.0,0.0,95.0
356,3,420.814304088366,420.814304088366,573,309.0,1299072.0,7720.171760307718,8566.204169299617,-32.943608728882,0.578780948975946,0.0,0.0,,5463.0,0.0,-0.9998532799323411,0.017129466090285,70.0,4.0,0.0,0.0,77.0
357,2,,421.0,573,,,7666.671860200563,8582.645822283986,38.41162686680674,0.40595587747719003,,,,,,,,,,,,
358,3,421.685864478287,421.685864478287,573,405.0,1302842.0,7726.760756538344,8584.364899399528,36.213157218403,-1.055537932060411,0.0,0.0,,268.0,0.0,0.9995754479317971,-0.029136298528594003,50.0,4.0,0.0,0.0,95.0
359,3,421.81429871631104,421.81429871631104,573,309.0,1303417.0,7687.2172767541315,8566.772629689147,-32.90189549567479,0.580988240962601,0.0,0.0,,5496.0,0.0,-0.9998532799323431,0.017129466090195,70.0,4.0,0.0,0.0,77.0
360,2,,422.0,573,,,7705.202513225114,8581.758932493682,38.40123770373929,-1.11255765248015,,,,,,,,,,,,
361,3,422.6858720909509,422.6858720909509,573,405.0,1307123.0,7762.96743565829,8582.288802335725,36.12334283576259,-2.5300295340500423,0.0,0.0,,304.0,0.0,0.9975561145271881,-0.06986986739230601,50.0,4.0,0.0,0.0,95.0
362,3,422.814306793836,422.814306793836,573,309.0,1307697.0,7654.3189790686265,8566.85365161595,-32.90811863849349,-0.25836314547237205,0.0,0.0,,5529.0,0.0,-0.9999648652644021,-0.008382615149579001,70.0,4.0,0.0,0.0,77.0
363,2,,423.0,573,,,7743.7067981427845,8580.407682564615,38.38007563620116,-2.678248572795638,,,,,,,,,,,,
364,3,423.68586715375295,423.68586715375295,573,405.0,1311942.0,7799.03288903429,8579.755163533366,36.17172589999569,-2.533463384628695,0.0,0.0,,340.0,0.0,0.9975561145271881,-0.06986986739230601,50.0,4.0,0.0,0.0,95.0
365,3,423.814302329569,423.814302329569,573,309.0,1312474.0,7621.34152019931,8566.259416606337,-32.911765304178935,-0.924226841959749,0.0,0.0,,5561.0,0.0,-0.9995920864606951,-0.028559773898848003,70.0,4.0,0.0,0.0,77.0
366,2,,424.0,573,,,7782.159473599795,8577.69952440051,38.35639039076083,-2.675674208042522,,,,,,,,,,,,
367,3,424.68587567406195,424.68587567406195,573,405.0,1316608.0,7835.099281207449,8576.074768601005,36.01045405205015,-4.279353789502946,0.0,0.0,,377.0,0.0,0.9930127281280061,-0.118007295434536,50.0,4.0,0.0,0.0,95.0
368,3,424.814298323224,424.814298323224,573,309.0,1317189.0,7588.448569953949,8564.98095782901,-32.84621819333252,-2.127549585629001,0.0,0.0,,5594.0,0.0,-0.997879177616601,-0.06509337047053801,70.0,4.0,0.0,0.0,77.0
369,2,,425.0,573,,,7820.418470147666,8574.559096852452,38.1289425524033,-4.520222584868635,,,,,,,,,,,,
370,3,425.422464696585,425.422464696585,573,345.0,1324380.0,8053.722113506533,8831.557468347335,-12.12873615459041,-8.032954061463439,0.0,0.0,,39.0,0.0,-0.83371230148132,-0.552199056825271,70.0,4.0,0.0,0.0,100.0
371,3,425.68587202612497,425.68587202612497,573,405.0,1325551.0,7870.834261201988,8571.8502625597,35.90822720481693,-4.267221443974042,0.0,0.0,,413.0,0.0,0.9930127281279941,-0.118007295434635,50.0,4.0,0.0,0.0,95.0
372,3,425.814308147867,425.814308147867,573,309.0,1326137.0,7555.583445023804,8562.827045633438,-32.83987566368016,-2.127928968753716,0.0,0.0,,5627.0,0.0,-0.997879177616602,-0.065093370470527,70.0,4.0,0.0,0.0,77.0
373,2,,426.0,573,,,7858.634960814222,8570.003279483051,38.186864275389205,-4.528051043011943,,,,,,,,,,,,
374,3,426.422460849084,426.422460849084,573,345.0,1329074.0,8041.537853809959,8823.811464553013,-12.33043325568234,-7.750768502965973,0.0,0.0,,54.0,0.0,-0.8466176296697261,-0.5322016433011221,70.0,4.0,0.0,0.0,100.0
375,3,426.685868163047,426.685868163047,573,405.0,1330085.0,7906.535065677049,8566.483872886794,35.74483935801055,-5.771382784343997,0.0,0.0,,449.0,0.0,0.9872143941188251,-0.15939805533506202,50.0,4.0,0.0,0.0,95.0
376,2,,427.0,573,,,7897.001305917801,8564.740873957891,37.899956483974044,-6.111312402904141,,,,,,,,,,,,
377,3,427.422469835693,427.422469835693,573,345.0,1333716.0,8029.069217990065,8816.04665072304,-12.306028504739881,-7.735427163380358,0.0,0.0,,68.0,0.0,-0.8466176296697261,-0.5322016433011221,70.0,4.0,0.0,0.0,100.0
378,3,427.68586413454096,427.68586413454096,573,405.0,1334811.0,7942.378862174196,8560.11467696301,35.453803016380746,-7.50611643550803,0.0,0.0,,485.0,0.0,0.9783143351035821,-0.20712571479861003,50.0,4.0,0.0,0.0,95.0
379,2,,428.0,573,,,7934.7357482473235,8558.440957747762,37.6398703689709,-7.613357837273091,,,,,,,,,,,,
380,3,428.4224657122749,428.4224657122749,573,345.0,1338339.0,8016.869308518602,8808.321222736688,-12.305254440969408,-7.734940570618492,0.0,0.0,,83.0,0.0,-0.8466176296697261,-0.5322016433011221,70.0,4.0,0.0,0.0,100.0
381,3,428.685872996065,428.685872996065,573,405.0,1339342.0,7977.748866504647,8552.61418862679,35.46022547667667,-7.507476179132166,0.0,0.0,,522.0,0.0,0.9783143351035821,-0.20712571479861003,50.0,4.0,0.0,0.0,95.0
382,2,,429.0,573,,,7972.522194297523,8550.465485825212,37.59935688928037,-7.948226954830681,,,,,,,,,,,,
383,3,429.422461540673,429.422461540673,573,345.0,1347145.0,8004.45174802887,8800.540554559253,-12.336629563755382,-7.754092356465869,0.0,0.0,,97.0,0.0,-0.8466176296697671,-0.532201643301056,70.0,4.0,0.0,0.0,100.0
384,3,429.68586880931605,429.68586880931605,573,405.0,1348193.0,8013.154617069958,8544.771948022608,35.31943328969978,-7.8844394359690355,0.0,0.0,,558.0,0.0,0.975977696134758,-0.217870458409324,50.0,4.0,0.0,0.0,95.0
385,3,429.899026096262,429.899026096262,573,327.0,1349433.0,8381.613878857996,8393.555076080249,-29.816261350864362,14.978518217845217,0.0,0.0,,4773.0,0.0,-0.8935948258844291,0.448874467031236,50.0,4.0,0.0,0.0,68.0
386,2,,430.0,573,,,8009.76381584407,8542.234158970183,37.46556163169672,-8.357352996683879,,,,,,,,,,,,
387,3,430.422470386261,430.422470386261,573,345.0,1351810.0,7992.158823701188,8792.823238739695,-12.239623762867351,-7.6931124703483516,0.0,0.0,,112.0,0.0,-0.8466176296697671,-0.532201643301056,70.0,4.0,0.0,0.0,100.0
388,3,430.68586464030295,430.68586464030295,573,405.0,1352816.0,8048.489052994437,8536.425246587305,35.209014504316606,-8.586587254024044,0.0,0.0,,594.0,0.0,0.971526526008169,-0.23693081112953102,50.0,4.0,0.0,0.0,95.0
389,3,430.89902146569705,430.89902146569705,573,327.0,1353961.0,8351.765182284202,8408.453525598734,-30.228676183197333,14.265188226249595,0.0,0.0,,4807.0,0.0,-0.9043698129191641,0.426749623878633,50.0,4.0,0.0,0.0,68.0
390,2,,431.0,573,,,8047.047189925698,8533.44274855685,37.3502271606194,-9.09933724189184,,,,,,,,,,,,
391,3,431.422466312978,431.422466312978,573,345.0,1356256.0,7980.01573541017,8785.13406163004,-12.24980640375499,-7.699955247621034,0.0,0.0,,126.0,0.0,-0.8466176296697151,-0.5322016433011381,70.0,4.0,0.0,0.0,100.0
392,3,431.68587355168,431.68587355168,573,405.0,1357247.0,8083.388362825332,8527.431439216049,34.93356473022486,-9.695960121580399,0.0,0.0,,630.0,0.0,0.9635726268524071,-0.26744680364654,50.0,4.0,0.0,0.0,95.0
393,3,431.8990169155769,431.8990169155769,573,327.0,1358388.0,8321.316668560892,8422.653329975277,-30.202032220252338,14.178387705226855,0.0,0.0,,4840.0,0.0,-0.905226595443913,0.42492918339533003,50.0,4.0,0.0,0.0,68.0
394,2,,432.0,573,,,8084.3380895662885,8523.849548471931,37.01671212656651,-10.265788087976528,,,,,,,,,,,,
395,3,432.422462376025,432.422462376025,573,345.0,1360685.0,7967.871741885556,8777.38647707075,-12.341856557792896,-7.757819909929003,0.0,0.0,,141.0,0.0,-0.8466176296697261,-0.5322016433011221,70.0,4.0,0.0,0.0,100.0
396,3,432.685869600207,432.685869600207,573,405.0,1361724.0,8118.335531998801,8517.725400688132,34.91611797664659,-9.691117644379899,0.0,0.0,,666.0,0.0,0.9635726268523931,-0.267446803646592,50.0,4.0,0.0,0.0,95.0
397,3,432.89902550256005,432.89902550256005,573,327.0,1362777.0,8290.456906151127,8435.611990890724,-31.00171711615492,12.580047598362587,0.0,0.0,,4874.0,0.0,-0.9266268068751811,0.37598239424247604,50.0,4.0,0.0,0.0,68.0
398,2,,433.0,573,,,8121.240133475928,8513.528139594277,36.95041014189442,-10.802401642211047,,,,,,,,,,,,
399,3,433.422471613471,433.422471613471,573,345.0,1365209.0,7955.896789641232,8769.353420726186,-11.799764663666748,-8.534299932935076,0.0,0.0,,155.0,0.0,-0.8102535236281011,-0.5860795402061441,70.0,4.0,0.0,0.0,100.0
400,3,433.685865821534,433.685865821534,573,405.0,1366233.0,8152.88110500397,8506.900268766942,34.467760725589514,-11.108289930125077,0.0,0.0,,703.0,0.0,0.951791592078265,-0.30674544046997704,50.0,4.0,0.0,0.0,95.0
401,3,433.899021266577,433.899021266577,573,327.0,1367408.0,8259.512056966052,8448.174529201355,-30.969320467444472,12.566902533430227,0.0,0.0,,4907.0,0.0,-0.9266268068751461,0.375982394242563,50.0,4.0,0.0,0.0,68.0
402,2,,434.0,573,,,8157.808599085317,8501.85387944043,36.3662290215849,-12.251213790339436,,,,,,,,,,,,
403,3,434.082707322114,434.082707322114,573,411.0,1368092.0,8544.132794381374,8304.372179586215,0.0,0.0,1.0,22.0,,4625.0,0.0,-0.85306865385022,0.5217986889770541,70.0,4.0,0.0,0.0,46.0
404,3,434.68586951605903,434.68586951605903,573,405.0,1370632.0,8187.759567516846,8495.225556100751,34.326370564479575,-11.571341365866349,0.0,0.0,,739.0,0.0,0.9476072591841711,-0.31943775973022,50.0,4.0,0.0,0.0,95.0
405,3,434.89902455593597,434.89902455593597,573,327.0,1371711.0,8228.433046103612,8460.675050794993,-31.20161695112582,12.05904322520007,0.0,0.0,,4941.0,0.0,-0.9327832694712761,0.36043775078989104,50.0,4.0,0.0,0.0,68.0
406,2,,435.0,573,,,8194.299949873184,8489.580592878729,36.38699902399004,-12.256466620200603,,,,,,,,,,,,
407,3,435.082710574161,435.082710574161,573,411.0,1372419.0,8512.494303963818,8323.740555634538,0.0,0.0,1.0,22.0,,4662.0,0.0,-0.871760497727429,0.48993227552593804,70.0,4.0,0.0,0.0,46.0
408,3,435.68587275345897,435.68587275345897,573,405.0,1374818.0,8222.222902856569,8483.624557535328,34.31415437787928,-11.567140433275291,0.0,0.0,,775.0,0.0,0.9476072591841611,-0.319437759730249,50.0,4.0,0.0,0.0,95.0
409,3,435.899015090234,435.899015090234,573,327.0,1375961.0,8196.984778912272,8471.99942672492,-31.43962622846887,11.33497681819506,0.0,0.0,,4974.0,0.0,-0.9407503748557091,0.33909988529759605,50.0,4.0,0.0,0.0,68.0
410,2,,436.0,573,,,8230.753185506934,8477.209495660629,36.18659311462726,-12.955266099586495,,,,,,,,,,,,
411,3,436.0827007251949,436.0827007251949,573,411.0,1376633.0,8480.320858518942,8342.03327641022,0.0,0.0,1.0,22.0,,4699.0,0.0,-0.871760497727429,0.48993227552593804,70.0,4.0,0.0,0.0,46.0
412,3,436.685862889538,436.685862889538,573,405.0,1379167.0,8256.535256186373,8471.360465836951,34.0588018432433,-12.326366981495,0.0,0.0,,811.0,0.0,0.9403114846871881,-0.340315018424657,50.0,4.0,0.0,0.0,95.0
413,3,436.89901869715203,436.89901869715203,573,327.0,1380451.0,8165.499088453856,8482.900845580349,-31.61784865277178,10.746520354931382,0.0,0.0,,5007.0,0.0,-0.9468262297519291,0.32174538171315903,50.0,4.0,0.0,0.0,68.0
414,2,,437.0,573,,,8266.841723526615,8464.145887941831,36.18664102271575,-13.085282135401199,,,,,,,,,,,,
415,3,437.08270383432296,437.08270383432296,573,411.0,1381254.0,8448.039466235885,8360.220682506353,0.0,0.0,1.0,22.0,,4736.0,0.0,-0.8918131313549,0.452403955268923,70.0,4.0,0.0,0.0,46.0
416,3,437.685865982612,437.685865982612,573,405.0,1383606.0,8290.58812372397,8458.355768972327,33.56038796130443,-13.572147559064744,0.0,0.0,,847.0,0.0,0.927060064018913,-0.374912840139209,50.0,4.0,0.0,0.0,95.0
417,3,437.899022267158,437.899022267158,573,327.0,1384736.0,8133.81654049877,8493.390681106632,-31.854645939866018,9.924031424613396,0.0,0.0,,5041.0,0.0,-0.954759527969514,0.297378956470409,50.0,4.0,0.0,0.0,68.0
418,2,,438.0,573,,,8302.35827512381,8449.955604033279,35.60028988535821,-14.394545561974793,,,,,,,,,,,,
419,3,438.082706904225,438.082706904225,573,411.0,1385416.0,8415.011400107982,8377.210216978501,0.0,0.0,1.0,22.0,,4774.0,0.0,-0.8935948258844051,0.44887446703128403,70.0,4.0,0.0,0.0,46.0
420,3,438.24482004927694,438.24482004927694,573,321.0,1386099.0,8654.452229908216,8227.934122917568,-23.62216126097804,17.360570804544544,1.0,0.0,,4484.0,0.0,-0.80579850806035,0.592189804376698,70.0,4.0,0.0,0.0,69.0
421,3,438.68587218362,438.68587218362,573,405.0,1388026.0,8324.368296485967,8444.743388102772,33.53805060573277,-13.563086413604369,0.0,0.0,,884.0,0.0,0.9270600640188781,-0.37491284013929504,50.0,4.0,0.0,0.0,95.0
422,3,438.899015945133,438.899015945133,573,327.0,1389154.0,8101.834224893355,8502.919485456,-32.30017436534649,8.855122260652248,0.0,0.0,,5074.0,0.0,-0.9644285992168731,0.26434348301514804,50.0,4.0,0.0,0.0,68.0
423,2,,439.0,573,,,8337.449820189451,8435.001146165532,34.420907826158015,-17.15759971068513,,,,,,,,,,,,
424,3,439.08270010433296,439.08270010433296,573,411.0,1389880.0,8381.962821447443,8393.960295371411,0.0,0.0,1.0,22.0,,4811.0,0.0,-0.9052265954438791,0.42492918339540203,70.0,4.0,0.0,0.0,46.0
425,3,439.084919229283,439.084919229283,573,483.0,1389942.0,8628.7755400691,8250.42259173156,-33.97367413525691,24.972447385127865,0.0,0.0,,4486.0,1.0,-0.8057486671170311,0.592257617459773,70.0,4.0,0.0,0.0,53.0
426,3,439.24482619355,439.24482619355,573,321.0,1390599.0,8631.165517499307,8245.179679997227,-23.58664028026498,17.334388617973737,1.0,0.0,,4513.0,0.0,-0.8091293216455591,0.5876306159939221,70.0,4.0,0.0,0.0,69.0
427,3,439.685865311759,439.685865311759,573,405.0,1392265.0,8356.967015076005,8429.258866677535,32.416158834090766,-16.156559399746804,0.0,0.0,,920.0,0.0,0.8949937391607091,-0.446078700302011,50.0,4.0,0.0,0.0,95.0
428,3,439.899022548706,439.899022548706,573,327.0,1393352.0,8069.59238433163,8511.745279835039,-32.29341428727882,8.85196275132359,0.0,0.0,,5108.0,0.0,-0.9644285992168731,0.26434348301514804,50.0,4.0,0.0,0.0,68.0
429,2,,440.0,573,,,8371.585878495813,8417.798933730102,34.19653129548883,-17.49462670818398,,,,,,,,,,,,
430,3,440.08270659675003,440.08270659675003,573,411.0,1398216.0,8348.50633922049,8410.373086287902,0.0,0.0,1.0,22.0,,4848.0,0.0,-0.9052265954439451,0.42492918339526103,70.0,4.0,0.0,0.0,46.0
431,3,440.08491229967,440.08491229967,573,483.0,1398278.0,8594.458093982546,8275.076458352909,-34.38028450622468,24.24842880289689,0.0,0.0,,4528.0,1.0,-0.8172081452338951,0.576342647531289,70.0,4.0,0.0,0.0,53.0
432,3,440.244832265143,440.244832265143,573,321.0,1398946.0,8607.427605286714,8262.501659231433,-23.629162709752727,17.16100929067756,1.0,0.0,,4542.0,0.0,-0.8392684613833,0.5437172516366461,70.0,4.0,0.0,0.0,69.0
433,3,440.68587136862703,440.68587136862703,573,405.0,1400739.0,8389.264163880334,8412.86187644298,32.18468305148324,-16.470126680215294,0.0,0.0,,956.0,0.0,0.8902066533416011,-0.455556927668041,50.0,4.0,0.0,0.0,95.0
434,2,,441.0,573,,,8405.511836619617,8400.248621951481,34.07007078927634,-17.78179896220546,,,,,,,,,,,,
435,3,441.08270845119904,441.08270845119904,573,411.0,1402508.0,8314.992062359455,8426.144355058685,0.0,0.0,1.0,22.0,,4885.0,0.0,-0.9266268068751681,0.375982394242507,70.0,4.0,0.0,0.0,46.0
436,3,441.084913621662,441.084913621662,573,483.0,1402570.0,8559.365772279858,8298.221274150208,-35.37219965809814,22.918277365419133,0.0,0.0,,4570.0,1.0,-0.8392514665379881,0.543743483559882,70.0,4.0,0.0,0.0,53.0
437,3,441.244820602294,441.244820602294,573,321.0,1403159.0,8583.606827705455,8279.145936072879,-24.554714874236993,15.907897895663993,1.0,0.0,,4572.0,0.0,-0.8392684613833,0.5437172516366461,70.0,4.0,0.0,0.0,69.0
438,3,441.685872691528,441.685872691528,573,405.0,1404876.0,8421.447632739755,8396.201334740197,32.0929160382842,-16.75462291831573,0.0,0.0,,992.0,0.0,0.8864647881662191,-0.46279604507970906,50.0,4.0,0.0,0.0,95.0
439,2,,442.0,573,,,8439.719516238561,8382.458934111935,34.082384357217386,-17.79117476449402,,,,,,,,,,,,
440,3,442.082710120474,442.082710120474,573,411.0,1410873.0,8280.709117255805,8440.129675025615,0.0,0.0,1.0,22.0,,4922.0,0.0,-0.9266268068752,0.37598239424243,70.0,4.0,0.0,0.0,46.0
441,3,442.08491475683405,442.08491475683405,573,483.0,1410935.0,8523.471567514565,8320.442470266535,-35.92211535386932,21.97798051006059,0.0,0.0,,4612.0,1.0,-0.8530212759829621,0.5218761373356691,70.0,4.0,0.0,0.0,53.0
442,3,442.24482181786897,442.24482181786897,573,321.0,1411526.0,8558.827025530181,8295.09955873558,-24.55679087966326,15.909129680236408,1.0,0.0,,4601.0,0.0,-0.853068653850179,0.521798688977121,70.0,4.0,0.0,0.0,69.0
443,3,442.68587389323403,442.68587389323403,573,405.0,1413334.0,8453.332161721057,8379.498030658093,32.15566193262481,-16.787402113017066,0.0,0.0,,1028.0,0.0,0.8864647881662191,-0.46279604507970906,50.0,4.0,0.0,0.0,95.0
444,2,,443.0,573,,,8473.762087141333,8364.30153756286,33.56171676721199,-18.698547311423223,,,,,,,,,,,,
445,3,443.082711609903,443.082711609903,573,411.0,1415297.0,8246.666315407494,8454.1497182649,0.0,0.0,1.0,22.0,,4959.0,0.0,-0.940750374855664,0.339099885297721,70.0,4.0,0.0,0.0,46.0
446,3,443.0849157244209,443.0849157244209,573,483.0,1415359.0,8487.134629504044,8341.545841544452,-36.75500049983429,20.65582039532259,0.0,0.0,,4655.0,1.0,-0.871770644057394,0.48991422122628303,70.0,4.0,0.0,0.0,53.0
447,3,443.2448228652069,443.2448228652069,573,321.0,1416041.0,8534.067456642255,8310.576386488243,-24.92995230652059,15.249060957039047,1.0,0.0,,4630.0,0.0,-0.8582051554420891,0.513306839203043,70.0,4.0,0.0,0.0,69.0
448,3,443.6858749257189,443.6858749257189,573,405.0,1417865.0,8485.371331283635,8362.083177752238,31.569500495420925,-17.594347012887376,0.0,0.0,,1065.0,0.0,0.8735008099049351,-0.48682269369393705,50.0,4.0,0.0,0.0,95.0
449,2,,444.0,573,,,8507.460268564035,8345.58711873078,33.5834144299169,-18.712739623462443,,,,,,,,,,,,
450,3,444.082701077529,444.082701077529,573,411.0,1419946.0,8211.935688164813,8467.305900585972,0.0,0.0,1.0,22.0,,4996.0,0.0,-0.9468262297519361,0.32174538171313805,70.0,4.0,0.0,0.0,46.0
451,3,444.08491807899003,444.08491807899003,573,483.0,1420008.0,8450.298122727389,8362.198426858546,-36.75456039701362,20.655525652538927,0.0,0.0,,4697.0,1.0,-0.8717706440574721,0.48991422122614503,70.0,4.0,0.0,0.0,53.0
452,3,444.244825123517,444.244825123517,573,321.0,1420739.0,8508.998491673497,8325.805435072607,-25.080056513983532,15.000893124368625,1.0,0.0,,4659.0,0.0,-0.8717604977273901,0.48993227552600804,70.0,4.0,0.0,0.0,69.0
453,3,444.68586417115995,444.68586417115995,573,405.0,1422468.0,8517.018971444855,8344.462583065797,31.670299073008444,-17.650524447991316,0.0,0.0,,1101.0,0.0,0.8735008099049351,-0.48682269369393705,50.0,4.0,0.0,0.0,95.0
454,2,,445.0,573,,,8540.524853545607,8326.248873564207,33.07070741674431,-19.52998559837911,,,,,,,,,,,,
455,3,445.08492233550896,445.08492233550896,573,483.0,1424634.0,8412.900436548596,8381.543092262795,-37.577071359171484,19.06614507397137,0.0,0.0,,4739.0,1.0,-0.891779549759499,0.45247014777855105,70.0,4.0,0.0,0.0,53.0
456,3,445.24482937343595,445.24482937343595,573,321.0,1425226.0,8483.391709208254,8340.123858959454,-25.49467391157579,14.328098228337696,1.0,0.0,,4689.0,0.0,-0.871760497727429,0.48993227552593804,70.0,4.0,0.0,0.0,69.0
457,3,445.68586840837503,445.68586840837503,573,405.0,1427000.0,8548.09119829493,8326.095163806829,31.176521261590203,-18.41145436600665,0.0,0.0,,1137.0,0.0,0.8610593831106811,-0.5085044137045931,50.0,4.0,0.0,0.0,95.0
458,2,,446.0,573,,,8573.209491586062,8306.069690177506,32.235897644739254,-20.85376211358646,,,,,,,,,,,,
459,3,446.084913083488,446.084913083488,573,483.0,1437725.0,8375.339200206472,8400.523330831125,-37.673560712061324,18.920307453145615,0.0,0.0,,4781.0,1.0,-0.8936421232497591,0.44878029764425004,70.0,4.0,0.0,0.0,53.0
460,3,446.244820120111,446.244820120111,573,321.0,1438317.0,8457.862325764301,8354.457850694595,-25.520165571922266,14.342547317714752,1.0,0.0,,4718.0,0.0,-0.8918131313548641,0.452403955268996,70.0,4.0,0.0,0.0,69.0
461,3,446.376095434525,446.376095434525,573,489.0,1438831.0,8882.55119196402,8030.198982656417,-27.554161880736913,29.730275841616898,0.0,0.0,,4150.0,1.0,-0.679822413722169,0.733376769335492,70.0,4.0,0.0,0.0,77.0
462,3,446.68587345949305,446.68587345949305,573,405.0,1440242.0,8578.9977171842,8306.887782283518,30.433187383678135,-19.69388104218362,0.0,0.0,,1173.0,0.0,0.839546778662499,-0.543287406845972,50.0,4.0,0.0,0.0,95.0
463,2,,447.0,573,,,8605.228455783865,8284.840693446855,31.42829479906907,-22.122737826655403,,,,,,,,,,,,
464,3,447.08492420747,447.08492420747,573,483.0,1442595.0,8337.36965524818,8418.901746171074,-38.14871969823737,17.90274197892683,0.0,0.0,,4823.0,1.0,-0.9052799349190601,0.42481553577163406,70.0,4.0,0.0,0.0,53.0
465,3,447.199746872819,447.199746872819,573,381.0,1443123.0,8889.14615987816,8017.474163483251,-20.24781409020341,21.858046672900688,1.0,0.0,,4167.0,0.0,-0.6797694868656521,0.7334258276924851,70.0,4.0,0.0,0.0,77.0
466,3,447.244831243556,447.244831243556,573,321.0,1443313.0,8432.060569644853,8368.317853033586,-26.095988586912505,13.238244628705685,1.0,0.0,,4747.0,0.0,-0.8918131313549,0.452403955268923,70.0,4.0,0.0,0.0,69.0
467,3,447.376098827602,447.376098827602,573,489.0,1443822.0,8854.374849129123,8059.273752254476,-28.769994492878503,28.556536609090095,0.0,0.0,,4190.0,1.0,-0.7098699646813841,0.7043327574685491,70.0,4.0,0.0,0.0,77.0
468,3,447.6858638500389,447.6858638500389,573,405.0,1445016.0,8608.961410694536,8286.864815135168,29.64542708763199,-20.877684540914274,0.0,0.0,,1209.0,0.0,0.8175971112292001,-0.5757907290931891,50.0,4.0,0.0,0.0,95.0
469,2,,448.0,573,,,8636.425148972667,8262.474355250863,31.127227894126438,-22.477235586767986,,,,,,,,,,,,
470,3,448.19974981941704,448.19974981941704,573,381.0,1447488.0,8868.818317284533,8039.314981968942,-20.22612382108509,21.836293986325366,1.0,0.0,,4197.0,0.0,-0.709986115078543,0.7042156746307751,70.0,4.0,0.0,0.0,77.0
471,3,448.244820527319,448.244820527319,573,321.0,1447598.0,8405.939065699142,8381.54569826127,-26.13322947442359,13.25713639449495,1.0,0.0,,4776.0,0.0,-0.8935948258844051,0.44887446703128403,70.0,4.0,0.0,0.0,69.0
472,3,448.3761017738,448.3761017738,573,489.0,1448151.0,8825.07791278858,8087.729780863944,-29.14758349007231,28.180846183767464,0.0,0.0,,4231.0,1.0,-0.719028431456684,0.694980657829366,70.0,4.0,0.0,0.0,77.0
473,3,448.685866802742,448.685866802742,573,405.0,1449427.0,8638.60541586327,8265.72796999886,29.338241319840822,-21.193675899277366,0.0,0.0,,1246.0,0.0,0.8106139127917491,-0.585580980214052,50.0,4.0,0.0,0.0,95.0
474,2,,449.0,573,,,8667.34655664664,8239.976795431923,31.141573820785002,-22.48846428834494,,,,,,,,,,,,
475,3,449.199739323682,449.199739323682,573,381.0,1451858.0,8847.689223556798,8060.346269013449,-21.157483152756686,20.998906533247705,1.0,0.0,,4227.0,0.0,-0.7190485605853111,0.694959831587546,70.0,4.0,0.0,0.0,77.0
476,3,449.37610427765406,449.37610427765406,573,489.0,1452476.0,8795.71075140742,8115.650949812943,-30.2366160160086,27.040739743691663,0.0,0.0,,4271.0,1.0,-0.745552102568905,0.666447344022829,70.0,4.0,0.0,0.0,77.0
477,3,449.685869317816,449.685869317816,573,405.0,1453662.0,8667.942110085867,8244.528855580491,29.296616209455618,-21.163635925953507,0.0,0.0,,1282.0,0.0,0.8106139127916101,-0.5855809802142441,50.0,4.0,0.0,0.0,95.0
478,2,,450.0,573,,,8698.057403566705,8216.755804104518,29.95499690540289,-23.972097546845017,,,,,,,,,,,,
479,3,450.19974138899397,450.19974138899397,573,381.0,1456395.0,8826.338504280042,8081.218078052353,-21.438433143469194,20.73268216626824,1.0,0.0,,4256.0,0.0,-0.719048560585356,0.6949598315875001,70.0,4.0,0.0,0.0,77.0
480,3,450.37609334363,450.37609334363,573,489.0,1457004.0,8765.464076734033,8142.709330174254,-30.24383389474256,27.049764435716988,0.0,0.0,,4312.0,1.0,-0.745552102569067,0.666447344022649,70.0,4.0,0.0,0.0,77.0
481,3,450.685871397008,450.685871397008,573,405.0,1458276.0,8696.995036567794,8222.822932810148,28.28320691420346,-22.639762035013728,0.0,0.0,,1318.0,0.0,0.7806910299255091,-0.624917207151353,50.0,4.0,0.0,0.0,95.0
482,2,,451.0,573,,,8728.233422234005,8192.742001594455,30.007238679493867,-24.011628237030955,,,,,,,,,,,,
483,3,451.19974301954005,451.19974301954005,573,381.0,1465333.0,8804.983102626673,8101.888361028589,-21.438664929443977,20.73125783926794,1.0,0.0,,4286.0,0.0,-0.7455026587587901,0.6665026524955271,70.0,4.0,0.0,0.0,77.0
484,3,451.37609506103297,451.37609506103297,573,489.0,1465937.0,8734.462835667746,8169.015310084988,-31.740780235297507,25.208486109932917,0.0,0.0,,4353.0,1.0,-0.783307266824189,0.621634720507483,70.0,4.0,0.0,0.0,77.0
485,3,451.685873128279,451.685873128279,573,405.0,1467168.0,8725.319713898061,8200.15064106215,28.262139148194702,-22.622897988943713,0.0,0.0,,1354.0,0.0,0.7806910299255091,-0.624917207151353,50.0,4.0,0.0,0.0,95.0
486,2,,452.0,573,,,8757.367514573998,8168.113799132296,29.383414481845286,-24.86654639775093,,,,,,,,,,,,
487,3,452.19974434029604,452.19974434029604,573,381.0,1469819.0,8783.312664700765,8121.852212881298,-22.21176204851142,19.86818040778333,1.0,0.0,,4316.0,0.0,-0.7455026587588811,0.6665026524954261,70.0,4.0,0.0,0.0,77.0
488,3,452.376096851172,452.376096851172,573,489.0,1470512.0,8702.547757555409,8194.264068255618,-31.78186651097124,25.246872501079828,0.0,0.0,,4393.0,1.0,-0.783307266824233,0.6216347205074281,70.0,4.0,0.0,0.0,77.0
489,3,452.68587493322406,452.68587493322406,573,405.0,1471788.0,8753.141992363975,8177.12468626771,27.64973158142954,-23.409776344231666,0.0,0.0,,1391.0,0.0,0.763197619834446,-0.6461651438131241,50.0,4.0,0.0,0.0,95.0
490,2,,453.0,573,,,8786.515874538169,8143.056200130095,28.369435152748995,-25.984424210024468,,,,,,,,,,,,
491,3,453.19974619305,453.19974619305,573,381.0,1474617.0,8761.276322163496,8141.650402999317,-22.202355065963804,19.860487773501948,1.0,0.0,,4346.0,0.0,-0.783290575474885,0.621655752303654,70.0,4.0,0.0,0.0,77.0
492,3,453.376098847895,453.376098847895,573,489.0,1475322.0,8670.465447292672,8219.35319343113,-32.63924999120372,24.018261517564195,0.0,0.0,,4434.0,1.0,-0.805748667116947,0.592257617459887,70.0,4.0,0.0,0.0,77.0
493,3,453.685863946392,453.685863946392,573,405.0,1476603.0,8780.95798143978,8153.6683778562165,27.591315985193024,-23.360318482766218,0.0,0.0,,1427.0,0.0,0.7631976198346151,-0.646165143812925,50.0,4.0,0.0,0.0,95.0
494,2,,454.0,573,,,8814.865316249932,8117.08425687258,28.210333912099372,-26.01941167150457,,,,,,,,,,,,
495,3,454.19974861506796,454.19974861506796,573,381.0,1479304.0,8738.652432574978,8161.141406144201,-23.27295971993054,18.479467822657263,1.0,0.0,,4375.0,0.0,-0.783290575474833,0.62165575230372,70.0,4.0,0.0,0.0,77.0
496,3,454.37610134511704,454.37610134511704,573,489.0,1480009.0,8637.31158531414,8243.473958013521,-32.672243964579145,24.042848399204008,0.0,0.0,,4474.0,1.0,-0.805748667117074,0.5922576174597141,70.0,4.0,0.0,0.0,77.0
497,3,454.68586645639704,454.68586645639704,573,405.0,1481299.0,8808.127660499977,8129.252939162576,26.682810225075762,-24.449828103334866,0.0,0.0,,1463.0,0.0,0.7372835705216061,-0.6755834046503151,50.0,4.0,0.0,0.0,95.0
498,2,,455.0,573,,,8842.93046713622,8090.693180190113,27.912763107357236,-26.359050680606472,,,,,,,,,,,,
499,3,455.199738559745,455.199738559745,573,381.0,1483985.0,8715.350835712388,8179.631019045728,-23.32689140904188,18.52128558551611,1.0,0.0,,4405.0,0.0,-0.783290575474885,0.621655752303654,70.0,4.0,0.0,0.0,77.0
500,3,455.376104363268,455.376104363268,573,489.0,1484611.0,8604.340462233056,8267.485170089369,-33.16677225732334,23.429197020906667,0.0,0.0,,4515.0,1.0,-0.8170725864214801,0.5765348111940091,70.0,4.0,0.0,0.0,77.0
501,3,455.685869488885,455.685869488885,573,405.0,1485938.0,8834.672889134425,8104.499819624451,26.341325451149718,-24.898495237195306,0.0,0.0,,1499.0,0.0,0.7267295712495551,-0.686923671357624,50.0,4.0,0.0,0.0,95.0
502,2,,456.0,573,,,8870.197477671227,8063.57695087397,27.087923026286802,-27.24138458738684,,,,,,,,,,,,
503,3,456.19974848275496,456.19974848275496,573,381.0,1488657.0,8692.075614521664,8198.09714597148,-23.284906165192666,18.487250951559727,1.0,0.0,,4435.0,0.0,-0.8057985080603071,0.592189804376758,70.0,4.0,0.0,0.0,77.0
504,3,456.68587162351196,456.68587162351196,573,405.0,1490584.0,8860.509016948512,8079.381614201995,25.53765308930326,-25.691345241496474,0.0,0.0,,1535.0,0.0,0.7049820756429941,-0.709225121539061,50.0,4.0,0.0,0.0,95.0
505,2,,457.0,573,,,8896.490079545814,8035.630949386031,25.874797104778803,-28.340361382665726,,,,,,,,,,,,
506,3,457.19974532754895,457.19974532754895,573,381.0,1493195.0,8668.615330632007,8216.442317583764,-23.967855493914858,17.62254956705872,1.0,0.0,,4465.0,0.0,-0.805798508060223,0.5921898043768721,70.0,4.0,0.0,0.0,77.0
507,3,457.68586848447995,457.68586848447995,573,405.0,1495304.0,8886.037042332176,8053.648815830784,25.072507288034284,-26.037489001430185,0.0,0.0,,1572.0,0.0,0.693631702813539,-0.7203298278233311,50.0,4.0,0.0,0.0,95.0
508,2,,458.0,573,,,8922.772830777669,8007.2484118093025,25.869947131585285,-28.336379200516618,,,,,,,,,,,,
509,3,458.68586865489306,458.68586865489306,573,405.0,1499778.0,8910.688886005104,8026.849724341294,24.40035082800808,-26.740504029148433,0.0,0.0,,1608.0,0.0,0.674042776835823,-0.7386923141575601,50.0,4.0,0.0,0.0,95.0
510,2,,459.0,573,,,8948.847712408939,7981.965977719278,24.38070756976216,-29.694349555465312,,,,,,,,,,,,
511,3,459.685868825462,459.685868825462,573,405.0,1508591.0,8935.101213528951,8000.096975608515,24.41921943345574,-26.76118238117898,0.0,0.0,,1644.0,0.0,0.674042776835823,-0.7386923141575601,50.0,4.0,0.0,0.0,95.0
512,2,,460.0,573,,,8973.18961279616,7952.232294846399,24.41919646678692,-29.741787479086568,,,,,,,,,,,,
513,3,460.685869010887,460.685869010887,573,405.0,1521562.0,8958.550540625914,7972.248078834205,22.98276823338051,-28.006854807587985,0.0,0.0,,1680.0,0.0,0.634360451113911,-0.773037397583425,50.0,4.0,0.0,0.0,95.0
514,2,,461.0,573,,,8996.352201069702,7921.72743454394,23.017318664669244,-30.746993050174208,,,,,,,,,,,,
515,3,461.68586921130094,461.68586921130094,573,405.0,1526812.0,8981.482775857492,7944.219339188402,22.94288675623012,-27.958262268927797,0.0,0.0,,1716.0,0.0,0.6343604511138611,-0.773037397583466,50.0,4.0,0.0,0.0,95.0
516,2,,462.0,573,,,9019.500663520503,7890.928474462487,23.033550333530734,-30.76775480701804,,,,,,,,,,,,
517,3,462.685869426083,462.685869426083,573,405.0,1540562.0,9003.125937125507,7915.224485189909,21.71350888898242,-29.023369022374116,0.0,0.0,,1753.0,0.0,0.5990437385414931,-0.8007163038893551,50.0,4.0,0.0,0.0,95.0
518,2,,463.0,573,,,9042.677172934036,7859.948312466293,21.98880355261099,-31.486568049562024,,,,,,,,,,,,
519,3,463.685869655738,463.685869655738,573,405.0,1545430.0,9025.029164640826,7886.123619780997,21.68649322661314,-28.987258334747313,0.0,0.0,,1789.0,0.0,0.599043738541445,-0.8007163038893911,50.0,4.0,0.0,0.0,95.0
520,2,,464.0,573,,,9064.689201843868,7828.407797661928,22.003592568848674,-31.50796549891436,,,,,,,,,,,,
521,3,464.685869900194,464.685869900194,573,405.0,1550223.0,9046.525901003704,7856.85251444281,20.7514221742029,-29.731438318271334,0.0,0.0,,1825.0,0.0,0.5723382551133991,-0.820017635013875,50.0,4.0,0.0,0.0,95.0
522,2,,465.0,573,,,9086.872055544809,7796.8649953046815,22.021180813106096,-31.531013872699766,,,,,,,,,,,,
523,3,465.68587015986196,465.68587015986196,573,405.0,1554956.0,9067.554431832374,7827.033211663696,20.722848264625494,-29.690543951349486,0.0,0.0,,1861.0,0.0,0.572338255113446,-0.8200176350138421,50.0,4.0,0.0,0.0,95.0
524,2,,466.0,573,,,9109.021793172247,7765.328003320156,21.99517559069224,-31.494419115119577,,,,,,,,,,,,
525,3,466.68587043387396,466.68587043387396,573,405.0,1559569.0,9088.179964764406,7797.318377629899,20.756569775907977,-29.738858446643114,0.0,0.0,,1897.0,0.0,0.5723382551133991,-0.820017635013875,50.0,4.0,0.0,0.0,95.0
526,2,,467.0,573,,,9129.716937510893,7732.905023723566,19.561973960638788,-33.08759167735069,,,,,,,,,,,,
527,3,467.68587072322,467.68587072322,573,405.0,1564097.0,9108.680345406403,7767.671457534356,20.705916399745036,-29.666315217061282,0.0,0.0,,1934.0,0.0,0.572338255113718,-0.8200176350136521,50.0,4.0,0.0,0.0,95.0
528,2,,468.0,573,,,9149.03735219849,7699.817120489006,19.587485238382882,-33.1318925621609,,,,,,,,,,,,
529,3,468.68587102765997,468.68587102765997,573,405.0,1568738.0,9128.232316514557,7737.304319205422,18.39583573760525,-31.134161019754487,0.0,0.0,,1970.0,0.0,0.508695719787819,-0.8609463773485271,50.0,4.0,0.0,0.0,95.0
530,2,,469.0,573,,,9168.520130824938,7666.6942417474875,19.59015595275426,-33.131798725959435,,,,,,,,,,,,
531,3,469.685871346701,469.685871346701,573,405.0,1573233.0,9146.582420293804,7706.098717910658,18.43026361424972,-31.192428771032645,0.0,0.0,,2006.0,0.0,0.508695719787819,-0.8609463773485271,50.0,4.0,0.0,0.0,95.0
532,2,,470.0,573,,,9188.244267775424,7633.604199580538,19.551819634660063,-33.06933696900503,,,,,,,,,,,,
533,3,470.685871679992,470.685871679992,573,405.0,1581755.0,9165.121821332099,7674.874532622502,18.441034251263368,-31.21065762682217,0.0,0.0,,2042.0,0.0,0.508695719787864,-0.8609463773485001,50.0,4.0,0.0,0.0,95.0
534,2,,471.0,573,,,9207.601998171918,7600.487945352927,19.568271835583857,-33.09611795352867,,,,,,,,,,,,
535,3,471.68587202854,471.68587202854,573,405.0,1590399.0,9183.592714309092,7643.650259422332,18.40700305222872,-31.15302472288966,0.0,0.0,,2079.0,0.0,0.508695719787819,-0.8609463773485271,50.0,4.0,0.0,0.0,95.0
536,2,,472.0,573,,,9227.03797312196,7567.344329113611,19.03484748159873,-33.31605561301442,,,,,,,,,,,,
537,3,472.68587239156,472.68587239156,573,405.0,1595114.0,9201.86632986977,7612.4791558221295,18.40109295467143,-31.143031617985507,0.0,0.0,,2115.0,0.0,0.508695719787864,-0.8609463773485001,50.0,4.0,0.0,0.0,95.0
538,2,,473.0,573,,,9245.88425301092,7533.857355273576,18.901542877007984,-33.429714712243396,,,,,,,,,,,,
539,3,473.685872769066,473.685872769066,573,405.0,1599531.0,9220.182196512753,7581.300881902875,18.454098872027952,-31.232663272204597,0.0,0.0,,2151.0,0.0,0.508695719787864,-0.8609463773485001,50.0,4.0,0.0,0.0,95.0
540,2,,474.0,573,,,9264.88157257822,7500.375890841292,18.901935004950335,-33.429786165230944,,,,,,,,,,,,
541,3,474.685873161522,474.685873161522,573,405.0,1608625.0,9238.151916840403,7549.8676404728985,17.816717259771192,-31.531784933367845,0.0,0.0,,2187.0,0.0,0.491938538470565,-0.8706299296299451,50.0,4.0,0.0,0.0,95.0
542,2,,475.0,573,,,9283.751465476727,7466.917376721098,18.895490553672623,-33.41840464266399,,,,,,,,,,,,
543,3,475.685873568646,475.685873568646,573,405.0,1617694.0,9255.966798304906,7518.332386265774,17.815825184677976,-31.530206144115347,0.0,0.0,,2223.0,0.0,0.49193853847060803,-0.870629929629921,50.0,4.0,0.0,0.0,95.0
544,2,,476.0,573,,,9302.952199678699,7433.555671995647,19.598479940584536,-33.07054571656997,,,,,,,,,,,,
545,3,476.685873990666,476.685873990666,573,405.0,1622363.0,9273.807029669619,7486.798632636306,17.80458839424009,-31.51036407019198,0.0,0.0,,2260.0,0.0,0.491938538470565,-0.8706299296299451,50.0,4.0,0.0,0.0,95.0
546,2,,477.0,573,,,9322.805061759236,7400.471670393645,19.611785245370868,-33.09158193841397,,,,,,,,,,,,
547,3,477.68587442741205,477.68587442741205,573,405.0,1627095.0,9291.662418964432,7455.196902041642,17.805516056026363,-31.5120215633973,0.0,0.0,,2296.0,0.0,0.491938538470565,-0.8706299296299451,50.0,4.0,0.0,0.0,95.0
548,2,,478.0,573,,,9342.479362213555,7367.371600523062,19.613273339365485,-33.092868339781866,,,,,,,,,,,,
549,3,478.685874878796,478.685874878796,573,405.0,1640216.0,9309.718032522464,7423.8989809156765,18.47264240419446,-31.187120888590528,0.0,0.0,,2332.0,0.0,0.5096255983870961,-0.860396274671499,50.0,4.0,0.0,0.0,95.0
550,2,,479.0,573,,,9362.203750446755,7334.293645910863,19.61937860752775,-33.106568447507684,,,,,,,,,,,,
551,3,479.6858753454569,479.6858753454569,573,405.0,1649289.0,9328.01514285165,7392.778879605439,18.429991790469572,-31.115114244345254,0.0,0.0,,2368.0,0.0,0.5096255983870961,-0.860396274671499,50.0,4.0,0.0,0.0,95.0
552,2,,480.0,573,,,9382.55063209263,7301.495881414376,20.688663669971884,-32.335875216352164,,,,,,,,,,,,
553,3,480.68587582647996,480.68587582647996,573,405.0,1658542.0,9346.544945482316,7361.601183930247,18.420053746016908,-31.098335934049114,0.0,0.0,,2404.0,0.0,0.5096255983870961,-0.860396274671499,50.0,4.0,0.0,0.0,95.0
554,2,,481.0,573,,,9403.258033724647,7269.092332240626,20.726012515278953,-32.3922509839164,,,,,,,,,,,,
555,3,481.68586332222606,481.68586332222606,573,405.0,1663398.0,9364.831574636588,7330.492647186611,18.47532053884601,-31.1917010202855,0.0,0.0,,2441.0,0.0,0.5096255983870961,-0.860396274671499,50.0,4.0,0.0,0.0,95.0
556,2,,482.0,573,,,9423.897502012964,7236.693463143392,20.72975219038884,-32.39637580973486,,,,,,,,,,,,
557,3,482.685863833079,482.685863833079,573,405.0,1668289.0,9383.800466482047,7299.645740883845,19.50349336105736,-30.49537798379,0.0,0.0,,2477.0,0.0,0.5387879665072071,-0.842441408732398,50.0,4.0,0.0,0.0,95.0
558,2,,483.0,573,,,9445.188633648091,7204.595384786785,21.667083805170094,-31.755166081495542,,,,,,,,,,,,
559,3,483.68586435878797,483.68586435878797,573,405.0,1673107.0,9403.370807338288,7269.096414578868,19.479030058353356,-30.457127502202955,0.0,0.0,,2513.0,0.0,0.5387879665072071,-0.842441408732398,50.0,4.0,0.0,0.0,95.0
560,2,,484.0,573,,,9466.663111630662,7172.830986671823,21.633844793600776,-31.708756289965436,,,,,,,,,,,,
561,3,484.685864898864,484.685864898864,573,405.0,1677875.0,9422.895699117742,7238.573923075996,19.510939187545134,-30.50686411080285,0.0,0.0,,2549.0,0.0,0.538787966507298,-0.8424414087323401,50.0,4.0,0.0,0.0,95.0
562,2,,485.0,573,,,9488.207803311585,7141.065610560323,21.632410546237146,-31.703139730208317,,,,,,,,,,,,
563,3,485.685865454021,485.685865454021,573,405.0,1683117.0,9442.641327691019,7208.331614252276,20.378779426285057,-29.882510195066118,0.0,0.0,,2586.0,0.0,0.563416890811088,-0.8261727465541121,50.0,4.0,0.0,0.0,95.0
564,2,,486.0,573,,,9510.180285400449,7109.642981032051,22.54709345972602,-31.1379233608155,,,,,,,,,,,,
565,3,486.68586602417497,486.68586602417497,573,405.0,1688166.0,9462.971219832672,7178.420015534432,20.38219686758915,-29.887521398887646,0.0,0.0,,2622.0,0.0,0.5634168908109071,-0.8261727465542361,50.0,4.0,0.0,0.0,95.0
566,2,,487.0,573,,,9532.819971716157,7078.546590213989,23.161833831582253,-30.70025187616298,,,,,,,,,,,,
567,3,487.685866609115,487.685866609115,573,405.0,1693355.0,9483.479192452343,7148.425748585758,20.366278802250072,-29.86417976327909,0.0,0.0,,2658.0,0.0,0.5634168908109071,-0.8261727465542361,50.0,4.0,0.0,0.0,95.0
568,2,,488.0,573,,,9556.075307637595,7047.860139555593,23.214713502084663,-30.681666883851726,,,,,,,,,,,,
569,3,488.108434993299,488.108434993299,573,537.0,1695921.0,9797.354408692487,6726.439674273601,-19.405380021100854,22.760854164211196,0.0,0.0,,2554.0,0.0,-0.648804061827713,0.7609555107599001,30.0,4.0,0.0,0.0,0.0
570,3,488.68587059257896,488.68587059257896,573,405.0,1698340.0,9503.90006860286,7118.709374184201,21.26605248640987,-29.385204736561562,0.0,0.0,,2694.0,0.0,0.5862749512197051,-0.8101121413559551,50.0,4.0,0.0,0.0,95.0
571,2,,489.0,573,,,9579.476010917304,7017.514328289711,23.866156209842384,-30.067186925324844,,,,,,,,,,,,
572,3,489.1084227210469,489.1084227210469,573,537.0,1700784.0,9777.982163303406,6749.274090211978,-19.36983668398192,22.872690114035567,0.0,0.0,,2583.0,0.0,-0.646270486232668,0.763108418656609,30.0,4.0,0.0,0.0,0.0
573,3,489.685871334872,489.685871334872,573,405.0,1703197.0,9525.238371151367,7089.321074487814,21.250323603206454,-29.363542501457616,0.0,0.0,,2730.0,0.0,0.5862749512195351,-0.810112141356078,50.0,4.0,0.0,0.0,95.0
574,2,,490.0,573,,,9603.457359187674,6987.396457623533,23.859794952852045,-30.057173099285134,,,,,,,,,,,,
575,3,490.10842347571196,490.10842347571196,573,537.0,1705748.0,9758.404719325014,6772.109418417758,-19.332601881705088,22.82893006805614,0.0,0.0,,2613.0,0.0,-0.6462704862328831,0.7631084186564271,30.0,4.0,0.0,0.0,0.0
576,3,490.68587210448,490.68587210448,573,405.0,1708308.0,9547.046036421736,7060.299430993324,21.832883197940255,-28.869456731190166,0.0,0.0,,2767.0,0.0,0.603191109224117,-0.797596693669788,50.0,4.0,0.0,0.0,95.0
577,2,,491.0,573,,,9627.388193024537,6957.269766374029,23.918624879382918,-30.127369025285756,,,,,,,,,,,,
578,3,491.108424257285,491.108424257285,573,537.0,1710675.0,9739.13127403833,6794.935184911401,-19.382536844603205,22.887458453591314,0.0,0.0,,2643.0,0.0,-0.6462704862328831,0.7631084186564271,30.0,4.0,0.0,0.0,0.0
579,3,491.6858729013229,491.6858729013229,573,405.0,1713038.0,9569.05957853051,7031.484073682979,22.48258843764228,-28.33996457539259,0.0,0.0,,2803.0,0.0,0.6214968442136221,-0.783416666042093,50.0,4.0,0.0,0.0,95.0
580,3,491.702714154891,491.702714154891,573,603.0,1713105.0,9909.291040694749,6598.96926504253,-25.07214292799515,30.276201690068447,0.0,0.0,,2383.0,1.0,-0.6378315590548961,0.770175890478012,70.0,4.0,0.0,0.0,77.0
581,2,,492.0,573,,,9651.549773372592,6927.41671414413,24.874603872422224,-29.23232510157898,,,,,,,,,,,,
582,3,492.108425066481,492.108425066481,573,537.0,1715478.0,9719.745990772019,6817.759926366486,-19.345295945347385,22.843062986217266,0.0,0.0,,2673.0,0.0,-0.646270486232668,0.763108418656609,30.0,4.0,0.0,0.0,0.0
583,3,492.68587372434297,492.68587372434297,573,405.0,1718030.0,9591.725332374097,7003.073920780825,22.529865819926506,-28.399559229095406,0.0,0.0,,2839.0,0.0,0.6214968442136221,-0.783416666042093,50.0,4.0,0.0,0.0,95.0
584,3,492.702723279029,492.702723279029,573,603.0,1718098.0,9884.09188725643,6629.309085897104,-25.114593397082107,30.32746025101159,0.0,0.0,,2423.0,1.0,-0.63783155905468,0.770175890478191,70.0,4.0,0.0,0.0,77.0
585,2,,493.0,573,,,9676.397460946799,6898.0892582742745,24.919023340056317,-29.287629052422783,,,,,,,,,,,,
586,3,493.10843419606795,493.10843419606795,573,537.0,1720486.0,9700.389184475292,6840.570990844957,-19.336932327435463,22.834403504707353,0.0,0.0,,2703.0,0.0,-0.6462704862327311,0.7631084186565551,30.0,4.0,0.0,0.0,0.0
587,3,493.6858698693449,493.6858698693449,573,405.0,1722903.0,9614.377517730938,6974.63585424252,22.529656427517498,-28.399145521014233,0.0,0.0,,2875.0,0.0,0.6214968442136221,-0.783416666042093,50.0,4.0,0.0,0.0,95.0
588,3,493.702713510502,493.702713510502,573,603.0,1723016.0,9858.529815060187,6659.707678119553,-25.067644251445373,30.270769578457614,0.0,0.0,,2462.0,1.0,-0.6378315590548961,0.770175890478012,70.0,4.0,0.0,0.0,77.0
589,2,,494.0,573,,,9701.46610483362,6868.774144445631,24.89659457473634,-29.26390466211636,,,,,,,,,,,,
590,3,494.108424553262,494.108424553262,573,537.0,1729675.0,9681.143065831395,6863.408061339211,-19.339236381346147,22.83566092427371,0.0,0.0,,2733.0,0.0,-0.646270486232668,0.763108418656609,30.0,4.0,0.0,0.0,0.0
591,3,494.2965615037429,494.2965615037429,573,585.0,1730714.0,9942.176793784163,6555.180256714269,-22.562288650092913,27.27003719963225,0.0,0.0,,2330.0,0.0,-0.6378257017298401,0.7701807412632681,70.0,4.0,0.0,0.0,65.0
592,3,494.685874191905,494.685874191905,573,405.0,1732214.0,9636.658074544535,6946.2853277507775,22.502736581974954,-28.3652121940124,0.0,0.0,,2911.0,0.0,0.6214968442136221,-0.783416666042093,50.0,4.0,0.0,0.0,95.0
593,3,494.702717314696,494.702717314696,573,603.0,1732286.0,9833.06011966837,6689.869403125886,-25.774813286365237,29.755644515913637,0.0,0.0,,2502.0,1.0,-0.6547582125692161,0.7558383974588521,70.0,4.0,0.0,0.0,77.0
594,2,,495.0,573,,,9726.264826009918,6839.503913622666,24.85890876601248,-29.22096403452106,,,,,,,,,,,,
595,3,495.108428790819,495.108428790819,573,537.0,1734768.0,9661.883589183772,6886.241348559422,-19.333734114775304,22.82961248527248,0.0,0.0,,2763.0,0.0,-0.646270486232668,0.763108418656609,30.0,4.0,0.0,0.0,0.0
596,3,495.29656082093396,495.29656082093396,573,585.0,1735898.0,9919.576362620403,6582.385314289778,-22.55837599929379,27.264867564233057,0.0,0.0,,2366.0,0.0,-0.6378257017298401,0.7701807412632681,70.0,4.0,0.0,0.0,65.0
597,3,495.685873523772,495.685873523772,573,405.0,1737279.0,9659.989875309908,6918.34092507648,23.41092390715942,-27.53535520789068,0.0,0.0,,2948.0,0.0,0.6477411682869161,-0.7618604720723471,50.0,4.0,0.0,0.0,95.0
598,3,495.70271613067,495.70271613067,573,603.0,1737394.0,9807.548538199206,6719.5905348595015,-25.794695359973954,29.778458800311295,0.0,0.0,,2541.0,1.0,-0.6547582125692161,0.7558383974588521,70.0,4.0,0.0,0.0,77.0
599,2,,496.0,573,,,9751.090448654986,6810.2002510535,24.927677472352915,-29.300373334886668,,,,,,,,,,,,
600,3,496.10842805743,496.10842805743,573,537.0,1739634.0,9642.561413748486,6909.073395162516,-19.33219884010841,22.828756994427,0.0,0.0,,2793.0,0.0,-0.646270486232818,0.763108418656481,30.0,4.0,0.0,0.0,0.0
601,3,496.29655959881296,496.29655959881296,573,585.0,1740630.0,9897.161062403755,6609.55083894372,-22.531027129649473,27.231833669850683,0.0,0.0,,2401.0,0.0,-0.637825701730094,0.770180741263057,70.0,4.0,0.0,0.0,65.0
602,3,496.685872316943,496.685872316943,573,405.0,1741932.0,9683.303033512066,6890.813169418876,23.43489031474783,-27.563544026964006,0.0,0.0,,2984.0,0.0,0.6477411682869161,-0.7618604720723471,50.0,4.0,0.0,0.0,95.0
603,3,496.70271442755296,496.70271442755296,573,603.0,1742009.0,9781.852679794116,6749.588153709912,-25.42979776995335,30.028438995503112,0.0,0.0,,2580.0,1.0,-0.6462756685087281,0.76310402979777,70.0,4.0,0.0,0.0,77.0
604,2,,497.0,573,,,9775.721437905442,6780.897688263822,24.887559116906175,-29.247980721223794,,,,,,,,,,,,
605,3,497.10842678758905,497.10842678758905,573,537.0,1744451.0,9623.496022216825,6932.095898093662,-18.677335965316633,23.354360637863934,0.0,0.0,,2823.0,0.0,-0.624597313121186,0.780946986959931,30.0,4.0,0.0,0.0,0.0
606,3,497.29655783915,497.29655783915,573,585.0,1745490.0,9874.663301606473,6636.768803879338,-22.52895694564509,27.232637973334278,0.0,0.0,,2436.0,0.0,-0.637825701729914,0.770180741263206,70.0,4.0,0.0,0.0,65.0
607,3,497.685870571914,497.685870571914,573,405.0,1746790.0,9706.697893860051,6863.2050526569055,23.444733420839544,-27.57512129551021,0.0,0.0,,3020.0,0.0,0.6477411682869161,-0.7618604720723471,50.0,4.0,0.0,0.0,95.0
608,3,497.702712591108,497.702712591108,573,603.0,1746866.0,9756.480294227034,6779.626247735012,-25.443353664981217,30.044445412937616,0.0,0.0,,2620.0,1.0,-0.646275668508638,0.7631040297978461,70.0,4.0,0.0,0.0,77.0
609,2,,498.0,573,,,9800.778414539205,6751.578006649422,24.883189115991335,-29.237258478717955,,,,,,,,,,,,
610,3,498.108424984014,498.108424984014,573,537.0,1753268.0,9604.715137474186,6955.459063689867,-18.73599847342161,23.42723194487055,0.0,0.0,,2853.0,0.0,-0.624597313121186,0.780946986959931,30.0,4.0,0.0,0.0,0.0
611,3,498.296568547283,498.296568547283,573,585.0,1754325.0,9852.006059693751,6663.988260969439,-22.568333827554866,27.28047452533962,0.0,0.0,,2472.0,0.0,-0.6378257017298401,0.7701807412632681,70.0,4.0,0.0,0.0,65.0
612,3,498.68586829501703,498.68586829501703,573,405.0,1755770.0,9730.216692878648,6835.595889920061,23.44063011803297,-27.570336894332975,0.0,0.0,,3056.0,0.0,0.6477411682869161,-0.7618604720723471,50.0,4.0,0.0,0.0,95.0
613,3,498.702723518976,498.702723518976,573,603.0,1755846.0,9730.939232872648,6809.69172961085,-25.4574492365738,30.061089065188096,0.0,0.0,,2659.0,1.0,-0.646275668508638,0.7631040297978461,70.0,4.0,0.0,0.0,77.0
614,2,,499.0,573,,,9825.554390122104,6722.274495105828,24.93274323389302,-29.308425727059834,,,,,,,,,,,,
615,3,499.108422851514,499.108422851514,573,537.0,1758200.0,9586.078739976618,6978.829923688339,-18.690564215103088,23.36996350454176,0.0,0.0,,2883.0,0.0,-0.624597313121186,0.780946986959931,30.0,4.0,0.0,0.0,0.0
616,3,499.29656596946404,499.29656596946404,573,585.0,1759256.0,9829.152103779445,6690.9460581760095,-23.179077285026,26.785896523469315,0.0,0.0,,2507.0,0.0,-0.6548283864077391,0.7557776024430971,70.0,4.0,0.0,0.0,65.0
617,3,499.68586573241305,499.68586573241305,573,405.0,1760615.0,9753.757657784843,6807.954526674456,23.44161685865675,-27.571497479330485,0.0,0.0,,3092.0,0.0,0.647741168286817,-0.761860472072432,50.0,4.0,0.0,0.0,95.0
618,3,499.70272145101796,499.70272145101796,573,603.0,1760691.0,9705.68693379381,6839.699807828671,-25.465235871595052,30.07008995518399,0.0,0.0,,2698.0,1.0,-0.6462756685088501,0.763104029797666,70.0,4.0,0.0,0.0,77.0
619,2,,500.0,573,,,9850.584656302637,6692.965307379708,24.920992433004137,-29.290805310993267,,,,,,,,,,,,
620,3,500.296563774676,500.296563774676,573,585.0,1764278.0,9805.986478448214,6717.664745033506,-23.102313658727503,26.694794983954726,0.0,0.0,,2543.0,0.0,-0.6548283864077391,0.7557776024430971,70.0,4.0,0.0,0.0,65.0
621,3,500.554162290058,500.554162290058,573,465.0,1765310.0,10090.26469721931,6355.359247499273,-18.249172233795573,27.288344884382628,0.0,0.0,,2080.0,0.0,-0.556085634257202,0.831125001051445,70.0,4.0,0.0,0.0,82.0
622,3,500.685863552146,500.685863552146,573,405.0,1765775.0,9777.210644794777,6780.345648447971,23.483571386724226,-27.620914624717802,0.0,0.0,,3129.0,0.0,0.647741168286582,-0.7618604720726311,50.0,4.0,0.0,0.0,95.0
623,3,500.7027197733609,500.7027197733609,573,603.0,1765851.0,9680.153337974389,6869.762675328319,-25.449415189229263,30.05140934094334,0.0,0.0,,2738.0,1.0,-0.646275668508638,0.7631040297978461,70.0,4.0,0.0,0.0,77.0
624,2,,501.0,573,,,9875.168088460054,6663.424303751392,24.538756321435265,-29.4917912568322,,,,,,,,,,,,
625,3,501.296562030079,501.296562030079,573,585.0,1769337.0,9783.057560534773,6744.617775291691,-22.857437737716648,27.021499165441213,0.0,0.0,,2578.0,0.0,-0.646270486232684,0.7631084186565951,70.0,4.0,0.0,0.0,65.0
626,3,501.554173071359,501.554173071359,573,465.0,1770333.0,10071.786163179744,6382.370040507235,-18.654465589467762,27.01631668720151,0.0,0.0,,2113.0,0.0,-0.5684360632015351,0.822727440925572,70.0,4.0,0.0,0.0,82.0
627,3,501.685874821994,501.685874821994,573,405.0,1770767.0,9800.434982730694,6752.812266119958,23.46847603840393,-27.603159771743165,0.0,0.0,,3165.0,0.0,0.647741168286817,-0.761860472072432,50.0,4.0,0.0,0.0,95.0
628,3,501.70271854648496,501.70271854648496,573,603.0,1770883.0,9654.844700892094,6899.789792994373,-25.430113398870493,30.028618332828984,0.0,0.0,,2777.0,1.0,-0.646275668508638,0.7631040297978461,70.0,4.0,0.0,0.0,77.0
629,2,,502.0,573,,,9899.769611454554,6633.841706186342,24.59385319716775,-29.559229564552048,,,,,,,,,,,,
630,3,502.29655922086096,502.29655922086096,573,585.0,1774826.0,9760.053679604083,6771.620663896177,-22.856964373126413,27.02460128222367,0.0,0.0,,2613.0,0.0,-0.646270486232684,0.7631084186565951,70.0,4.0,0.0,0.0,65.0
631,3,502.554169787635,502.554169787635,573,465.0,1775868.0,10053.08886685041,6409.326308317523,-18.680024808304946,27.05380783062949,0.0,0.0,,2146.0,0.0,-0.56843606320162,0.8227274409255131,70.0,4.0,0.0,0.0,82.0
632,3,502.68586759412,502.68586759412,573,405.0,1776301.0,9823.812855337073,6725.240300855569,23.406875965617097,-27.545356664251422,0.0,0.0,,3201.0,0.0,0.647540603067137,-0.762030949095538,50.0,4.0,0.0,0.0,95.0
633,2,,503.0,573,,,9924.499711723569,6604.24521223524,24.569554094711876,-29.530202357013206,,,,,,,,,,,,
634,3,503.29656895485704,503.29656895485704,573,585.0,1784460.0,9737.142759429764,6798.566358430835,-22.817575010879644,26.980127356106788,0.0,0.0,,2649.0,0.0,-0.646270486232684,0.7631084186565951,70.0,4.0,0.0,0.0,65.0
635,3,503.554166048725,503.554166048725,573,465.0,1785468.0,10034.339402505999,6436.196411723543,-19.738705832080242,26.205827331413094,0.0,0.0,,2178.0,0.0,-0.601941702946424,0.798540034221177,70.0,4.0,0.0,0.0,82.0
636,3,503.685863868696,503.685863868696,573,405.0,1785901.0,9847.430216383991,6697.551944721969,23.46598994845883,-27.61494394355786,0.0,0.0,,3237.0,0.0,0.647540603067137,-0.762030949095538,50.0,4.0,0.0,0.0,95.0
637,2,,504.0,573,,,9949.27095588605,6574.662650394259,24.59172396283749,-29.55460761797508,,,,,,,,,,,,
638,3,504.29656523149595,504.29656523149595,573,585.0,1794041.0,9714.249056768862,6825.535508285236,-22.824727054877208,26.99218138513143,0.0,0.0,,2684.0,0.0,-0.6462704862328621,0.7631084186564451,70.0,4.0,0.0,0.0,65.0
639,3,504.554161855953,504.554161855953,573,465.0,1795010.0,10014.327003995708,6462.228345367777,-19.935326955685163,26.065516272984986,0.0,0.0,,2211.0,0.0,-0.60788248692738,0.7940270033739301,70.0,4.0,0.0,0.0,82.0
640,3,504.685872688379,504.685872688379,573,405.0,1795454.0,9870.569243436732,6669.79989199612,23.13714556324374,-27.844690423767517,0.0,0.0,,3274.0,0.0,0.639095136784932,-0.7691276916987511,50.0,4.0,0.0,0.0,95.0
641,2,,505.0,573,,,9973.483220393186,6545.078056884056,24.58019140261137,-29.541868461448292,,,,,,,,,,,,
642,3,505.55416987625506,505.55416987625506,573,465.0,1800642.0,9994.310524497794,6488.259234149618,-19.918473215323736,26.04393679677489,0.0,0.0,,2244.0,0.0,-0.6078824869271511,0.794027003374105,70.0,4.0,0.0,0.0,82.0
643,3,505.68586770321406,505.68586770321406,573,405.0,1801085.0,9893.704757097876,6641.927418689267,23.142610310609026,-27.851267047935316,0.0,0.0,,3310.0,0.0,0.639095136785031,-0.769127691698668,50.0,4.0,0.0,0.0,95.0
644,2,,506.0,573,,,9997.09404066787,6514.930996076446,23.26875322084646,-30.62905055163174,,,,,,,,,,,,
645,3,506.554165062506,506.554165062506,573,465.0,1805647.0,9974.240044569431,6514.277432469249,-19.93870884613114,26.06692715478156,0.0,0.0,,2277.0,0.0,-0.60788248692738,0.7940270033739301,70.0,4.0,0.0,0.0,82.0
646,3,506.685875570034,506.685875570034,573,405.0,1806092.0,9916.794297337707,6614.059508036925,23.136111729891887,-27.843448637698092,0.0,0.0,,3346.0,0.0,0.6390951367852701,-0.76912769169847,50.0,4.0,0.0,0.0,95.0
647,2,,507.0,573,,,10020.584740314032,6484.277525065528,23.216205282171966,-30.56060414077547,,,,,,,,,,,,
648,3,507.5541603931349,507.5541603931349,573,465.0,1810653.0,9953.637844417419,6539.697999075605,-20.954321380284807,25.329230295095478,0.0,0.0,,2310.0,0.0,-0.6378257017301511,0.7701807412630101,70.0,4.0,0.0,0.0,82.0
649,3,507.685870481375,507.685870481375,573,405.0,1811093.0,9940.197671164653,6586.10267889971,23.134585300997294,-27.84161446818156,0.0,0.0,,3382.0,0.0,0.639095136784932,-0.7691276916987511,50.0,4.0,0.0,0.0,95.0
650,2,,508.0,573,,,10043.911477935635,6453.644180175128,23.243960174649107,-30.59454338475702,,,,,,,,,,,,
651,3,508.554168776509,508.554168776509,573,465.0,1815627.0,9932.595354753723,6564.952901247472,-20.947490340628068,25.31902554560933,0.0,0.0,,2343.0,0.0,-0.6378257017298461,0.7701807412632631,70.0,4.0,0.0,0.0,82.0
652,3,508.68586578552004,508.68586578552004,573,405.0,1816066.0,9963.41603299206,6558.208494389772,23.166135565966037,-27.879584061525723,0.0,0.0,,3418.0,0.0,0.6390951367852701,-0.76912769169847,50.0,4.0,0.0,0.0,95.0
653,2,,509.0,573,,,10066.227488744733,6422.542428397627,22.270770522770057,-31.28022226784134,,,,,,,,,,,,
654,3,509.55416455319903,509.55416455319903,573,465.0,1820721.0,9911.76282602278,6590.217036572468,-20.933378845242196,25.303723046062267,0.0,0.0,,2375.0,0.0,-0.6378257017301511,0.7701807412630101,70.0,4.0,0.0,0.0,82.0
655,3,509.685874558601,509.685874558601,573,405.0,1821159.0,9986.73224510172,6530.252094661605,22.823042348064806,-28.16203758085883,0.0,0.0,,3455.0,0.0,0.629617939028149,-0.7769049175117541,50.0,4.0,0.0,0.0,95.0
656,2,,510.0,573,,,10088.634883525663,6391.188227113308,22.307917415478293,-31.332397342813305,,,,,,,,,,,,
657,3,510.55417380044196,510.55417380044196,573,465.0,1825713.0,9890.776532165828,6615.4672457170545,-20.957754089472676,25.33132712580505,0.0,0.0,,2408.0,0.0,-0.6378257017298461,0.7701807412632631,70.0,4.0,0.0,0.0,82.0
658,3,510.685870804265,510.685870804265,573,405.0,1826195.0,10008.724482846683,6501.371313815405,21.878065969479774,-28.83587175741357,0.0,0.0,,3491.0,0.0,0.604430140654969,-0.796658148183908,50.0,4.0,0.0,0.0,95.0
659,2,,511.0,573,,,10110.344422683303,6359.534336669006,21.099333362262147,-32.168629160528475,,,,,,,,,,,,
660,3,511.685874464267,511.685874464267,573,405.0,1831358.0,10030.74648004798,6472.441864238546,21.88673236889066,-28.847294347456177,0.0,0.0,,3527.0,0.0,0.604430140654969,-0.796658148183908,50.0,4.0,0.0,0.0,95.0
661,2,,512.0,573,,,10131.297885835515,6327.364286295907,21.099453031649013,-32.16551075515146,,,,,,,,,,,,
662,3,512.685864787844,512.685864787844,573,405.0,1836129.0,10052.74841458245,6443.583193235804,21.896675128006436,-28.860399220174802,0.0,0.0,,3563.0,0.0,0.6044301406550661,-0.7966581481838341,50.0,4.0,0.0,0.0,95.0
663,2,,513.0,573,,,10151.992740778922,6294.792138898111,19.584819868597982,-33.12060590978667,,,,,,,,,,,,
664,3,513.6858657573281,513.6858657573281,573,405.0,1845347.0,10073.627146862034,6414.1036184971845,21.017842705834827,-29.559647436944783,0.0,0.0,,3600.0,0.0,0.5794791810073541,-0.8149870420927221,50.0,4.0,0.0,0.0,95.0
665,2,,514.0,573,,,10171.319786422271,6261.691365532863,19.551666386452883,-33.06541976833409,,,,,,,,,,,,
666,3,514.685866741503,514.685866741503,573,405.0,1850690.0,10094.559288645693,6384.587456283626,21.010519629465435,-29.549348167295012,0.0,0.0,,3636.0,0.0,0.5794791810071811,-0.8149870420928451,50.0,4.0,0.0,0.0,95.0
667,2,,515.0,573,,,10190.481706381857,6228.270888975113,17.497774898010153,-34.180449690321474,,,,,,,,,,,,
668,3,515.685867740467,515.685867740467,573,405.0,1859893.0,10114.897782211761,6354.659804978681,19.807225611641407,-30.240852705267876,0.0,0.0,,3672.0,0.0,0.547913679955592,-0.83653487633064,50.0,4.0,0.0,0.0,95.0
669,2,,516.0,573,,,10208.087404518623,6194.010241004805,17.521925982412476,-34.22879900906276,,,,,,,,,,,,
670,3,516.685868754513,516.685868754513,573,405.0,1864761.0,10135.116799655449,6324.246311802367,19.843794845958588,-30.296685295397282,0.0,0.0,,3708.0,0.0,0.547913679955309,-0.836534876330825,50.0,4.0,0.0,0.0,95.0
671,2,,517.0,573,,,10225.348148202169,6159.645423523843,15.674453907274813,-35.01587119693109,,,,,,,,,,,,
672,3,517.685869783086,517.685869783086,573,405.0,1874145.0,10154.214756936557,6293.603003559307,18.389409158278177,-31.141904111150634,0.0,0.0,,3744.0,0.0,0.5084691792201791,-0.861080190100292,50.0,4.0,0.0,0.0,95.0
673,3,517.962706199869,517.962706199869,573,651.0,1876143.0,10341.127741220309,5720.488602122022,-3.938456468254776,34.902571993034876,1.0,0.0,,1426.0,0.0,-0.201475477068203,0.979493559009011,50.0,4.0,0.0,0.0,29.0
674,2,,518.0,573,,,10241.059288791845,6124.537850045514,15.684689999236324,-35.04319252011549,,,,,,,,,,,,
675,3,518.6858722433541,518.6858722433541,573,405.0,1879219.0,10172.67656461898,6262.382972864498,18.42693341538391,-31.20545052807238,0.0,0.0,,3781.0,0.0,0.50846917921988,-0.8610801901004691,50.0,4.0,0.0,0.0,95.0
676,3,518.9627081582009,518.9627081582009,573,651.0,1881128.0,10336.248137763108,5755.193034790097,-7.08167632616743,34.428468567770935,1.0,0.0,,1461.0,0.0,-0.20147547706781402,0.9794935590090911,50.0,4.0,0.0,0.0,29.0
677,2,,519.0,573,,,10256.738323666354,6089.4177221157925,15.717948517033445,-35.118000975055054,,,,,,,,,,,,
678,3,519.68587421754,519.68587421754,573,405.0,1884189.0,10190.826239041608,6231.011605144624,16.46419005970724,-32.20668176117086,0.0,0.0,,3817.0,0.0,0.455176155489371,-0.890401408059261,50.0,4.0,0.0,0.0,95.0
679,3,519.962717632972,519.962717632972,573,651.0,1886177.0,10329.248165451689,5789.5661046624755,-7.08338623504153,34.43678146404494,1.0,0.0,,1496.0,0.0,-0.201475477068203,0.979493559009011,50.0,4.0,0.0,0.0,29.0
680,2,,520.0,573,,,10272.293212318235,6054.25397992643,14.996911657830644,-35.388885185165094,,,,,,,,,,,,
681,3,520.685870707244,520.685870707244,573,405.0,1889291.0,10207.503808544925,6198.678827844959,16.453098847770725,-32.184985478080776,0.0,0.0,,3853.0,0.0,0.455176155489371,-0.890401408059261,50.0,4.0,0.0,0.0,95.0
682,3,520.9627136370179,520.9627136370179,573,651.0,1891169.0,10322.343883192269,5823.964244772199,-7.082209487626105,34.4310605865232,1.0,0.0,,1531.0,0.0,-0.23713832486992703,0.971475895160494,50.0,4.0,0.0,0.0,29.0
683,2,,521.0,573,,,10285.384486177789,6018.121819931923,13.216949317782383,-36.072895413039426,,,,,,,,,,,,
684,3,521.685866725749,521.685866725749,573,405.0,1894182.0,10223.870265596386,6166.460414207103,16.49905456795063,-32.274882625510585,0.0,0.0,,3889.0,0.0,0.455176155489371,-0.890401408059261,50.0,4.0,0.0,0.0,95.0
685,3,521.962709171072,521.962709171072,573,651.0,1896009.0,10314.111001558282,5858.07034128364,-8.33415577681531,34.142369974479564,1.0,0.0,,1566.0,0.0,-0.23713832486992703,0.971475895160494,50.0,4.0,0.0,0.0,29.0
686,2,,522.0,573,,,10298.62165054467,5981.956222153447,12.091886878517556,-36.42980173521773,,,,,,,,,,,,
687,3,522.685875274135,522.685875274135,573,405.0,1898978.0,10238.975080770293,6133.39238942308,14.763480559829695,-33.02992613305754,0.0,0.0,,3925.0,0.0,0.408064840732255,-0.9129529482717931,50.0,4.0,0.0,0.0,95.0
688,3,522.962717370139,522.962717370139,573,651.0,1900848.0,10305.478329533014,5892.185318833899,-8.340948780065228,34.17019862223889,1.0,0.0,,1601.0,0.0,-0.29334093911708103,0.9560078940248921,50.0,4.0,0.0,0.0,29.0
689,2,,523.0,573,,,10309.419953557604,5945.049809823768,10.863764055711865,-36.89544689480588,,,,,,,,,,,,
690,3,523.68587048763,523.68587048763,573,405.0,1907872.0,10253.668017088183,6100.292869021898,14.803028239357172,-33.11828952283304,0.0,0.0,,3962.0,0.0,0.408064840731918,-0.9129529482719431,50.0,4.0,0.0,0.0,95.0
691,3,523.962712563513,523.962712563513,573,651.0,1909723.0,10296.335555411057,5925.9692147700825,-10.281673699326866,33.508355139609996,1.0,0.0,,1637.0,0.0,-0.29334093911708103,0.9560078940248921,50.0,4.0,0.0,0.0,29.0
692,2,,524.0,573,,,10319.956248392089,5908.1062093736,9.202460678808947,-37.297184162435414,,,,,,,,,,,,
693,3,524.685865696463,524.685865696463,573,405.0,1912750.0,10268.486997888427,6067.178103826568,14.772098173995278,-33.04918990233172,0.0,0.0,,3998.0,0.0,0.408064840731918,-0.9129529482719431,50.0,4.0,0.0,0.0,95.0
694,3,524.9627077888421,524.9627077888421,573,651.0,1914697.0,10286.338721248258,5959.533739025563,-10.312534956285129,33.6089059120186,1.0,0.0,,1672.0,0.0,-0.355018121510826,0.934859419056642,50.0,4.0,0.0,0.0,29.0
695,2,,525.0,573,,,10329.463124409407,5870.763954831204,9.18934783867734,-37.24533471501497,,,,,,,,,,,,
696,3,525.68587393605,525.68587393605,573,405.0,1917767.0,10281.701888230786,6033.532116305947,12.434437060221745,-33.98870690620544,0.0,0.0,,4034.0,0.0,0.343570209070777,-0.939126994308577,50.0,4.0,0.0,0.0,95.0
697,3,525.962716329998,525.962716329998,573,651.0,1919633.0,10274.94883582424,5992.755277978671,-12.486853339666368,32.881295496470415,1.0,0.0,,1707.0,0.0,-0.355018121510472,0.934859419056777,50.0,4.0,0.0,0.0,29.0
698,2,,526.0,573,,,10338.68574104268,5833.412527229661,9.206577956436195,-37.316281594138175,,,,,,,,,,,,
699,3,526.685869493209,526.685869493209,573,405.0,1922805.0,10294.179958024577,5999.54276943583,12.432572213631197,-33.983495205438246,0.0,0.0,,4070.0,0.0,0.343570209071133,-0.939126994308446,50.0,4.0,0.0,0.0,95.0
700,3,526.962712353732,526.962712353732,573,651.0,1924791.0,10262.329832004862,6025.583723274578,-12.490600785313934,32.89117402014473,1.0,0.0,,1742.0,0.0,-0.39380012416869403,0.9191960956209071,50.0,4.0,0.0,0.0,29.0
701,2,,527.0,573,,,10346.832246493494,5795.806496430232,7.966704660774169,-37.60456895561375,,,,,,,,,,,,
702,3,527.6858655316099,527.6858655316099,573,405.0,1927934.0,10305.701082561354,5965.036803555503,10.201907495257219,-34.705988384252635,0.0,0.0,,4106.0,0.0,0.282019153896562,-0.9594087746291811,50.0,4.0,0.0,0.0,95.0
703,2,,528.0,573,,,10354.560785362664,5758.185289128688,7.9668949521660295,-37.60546885744871,,,,,,,,,,,,
704,3,528.685866724433,528.685866724433,573,405.0,1932888.0,10315.711598594784,5930.337398660396,10.218230044938037,-34.76153088362144,0.0,0.0,,4143.0,0.0,0.282019153896507,-0.959408774629197,50.0,4.0,0.0,0.0,95.0
705,2,,529.0,573,,,10360.293380939009,5720.192568986983,4.581210417726448,-38.11341447514446,,,,,,,,,,,,
706,3,529.685867930353,529.685867930353,573,405.0,1942155.0,10325.120150145996,5895.326125779479,8.672812646314842,-35.21683168195482,0.0,0.0,,4179.0,0.0,0.239123340725226,-0.9709892007228541,50.0,4.0,0.0,0.0,95.0
707,2,,530.0,573,,,10364.86859069452,5682.004782518804,4.589104999452777,-38.18121490764375,,,,,,,,,,,,
708,3,530.685869151834,530.685869151834,573,405.0,1947785.0,10333.728804458013,5860.197971285312,8.643801867929714,-35.09902991308794,0.0,0.0,,4215.0,0.0,0.23912334072518002,-0.9709892007228651,50.0,4.0,0.0,0.0,95.0
709,2,,531.0,573,,,10369.47168351465,5643.794509692915,4.590973036825849,-38.1986811377123,,,,,,,,,,,,
710,3,531.68587038793,531.68587038793,573,405.0,1953033.0,10342.390319752123,5824.926104931788,7.505049749292728,-35.49172961339974,0.0,0.0,,4251.0,0.0,0.206883203526214,-0.978365647444109,50.0,4.0,0.0,0.0,95.0
711,2,,532.0,573,,,10373.94716636662,5605.600204060102,3.119999146532512,-38.249989689135155,,,,,,,,,,,,
712,3,532.6858716391649,532.6858716391649,573,405.0,1958281.0,10349.852197003596,5789.452896680647,7.479397842233359,-35.37050138553606,0.0,0.0,,4287.0,0.0,0.206883203525828,-0.9783656474441901,50.0,4.0,0.0,0.0,95.0
713,2,,533.0,573,,,10374.549722037444,5567.166721086981,0.7476740887506761,-38.386159701941395,,,,,,,,,,,,
714,3,533.6858729049289,533.6858729049289,573,405.0,1963487.0,10357.52008716497,5753.944204767856,7.496806445497764,-35.45282793066301,0.0,0.0,,4324.0,0.0,0.206883203526174,-0.978365647444117,50.0,4.0,0.0,0.0,95.0
715,2,,534.0,573,,,10375.432823926083,5528.700612994916,0.7493021876174021,-38.473043884833984,,,,,,,,,,,,
716,3,534.685874185345,534.685874185345,573,405.0,1968600.0,10362.979014301824,5718.003677946665,4.303479440876017,-35.91045041038389,0.0,0.0,,4360.0,0.0,0.11898722283191,-0.9928957854693251,50.0,4.0,0.0,0.0,95.0
717,2,,535.0,573,,,10376.170557013987,5490.251887471696,0.7479208767742771,-38.40120492212318,,,,,,,,,,,,
718,3,535.6858754804758,535.6858754804758,573,405.0,1973639.0,10367.471034385415,5681.977223317846,4.306129220281433,-35.93258933621625,0.0,0.0,,4396.0,0.0,0.11898722283151301,-0.9928957854693731,50.0,4.0,0.0,0.0,95.0
719,2,,536.0,573,,,10376.22794239061,5451.8294601026355,-0.70914116226568,-38.35822277958652,,,,,,,,,,,,
720,3,536.685863790976,536.685863790976,573,405.0,1978638.0,10371.890664818935,5645.994383082491,4.301854548441387,-35.89693685182414,0.0,0.0,,4432.0,0.0,0.11898722283191,-0.9928957854693251,50.0,4.0,0.0,0.0,95.0
721,2,,537.0,573,,,10375.538139308854,5413.372352414706,-0.7109459436686211,-38.45430558430649,,,,,,,,,,,,
722,3,537.685865117665,537.685865117665,573,405.0,1983520.0,10376.217367684358,5610.04171733878,4.312168273756286,-35.98308869284871,0.0,0.0,,4469.0,0.0,0.11898722283151301,-0.9928957854693731,50.0,4.0,0.0,0.0,95.0
723,2,,538.0,573,,,10374.654686141812,5374.912631481907,-0.7112126882485851,-38.468506510446396,,,,,,,,,,,,
724,3,538.685866458709,538.685866458709,573,405.0,1988658.0,10377.155631668798,5573.874031146656,0.693612459197054,-36.18365117431985,0.0,0.0,,4505.0,0.0,0.019165585452896,-0.9998163232985581,50.0,4.0,0.0,0.0,95.0
725,2,,539.0,573,,,10373.952009337525,5336.4749257141,-0.7111103333676381,-38.463057349658236,,,,,,,,,,,,
726,3,539.6858678147349,539.6858678147349,573,405.0,1993694.0,10377.610442233481,5537.670313785394,0.6927233542531941,-36.13726899422324,0.0,0.0,,4541.0,0.0,0.0191655854529,-0.9998163232985581,50.0,4.0,0.0,0.0,95.0
727,2,,540.0,573,,,10374.365005949245,5298.004711638947,0.8948229957896451,-38.44439175036117,,,,,,,,,,,,
728,3,540.685869185177,540.685869185177,573,405.0,1998722.0,10378.433574056204,5501.431185310794,0.6943469536423801,-36.22196774635869,0.0,0.0,,4577.0,0.0,0.0191655854529,-0.9998163232985581,50.0,4.0,0.0,0.0,95.0
729,2,,541.0,573,,,10375.391065701635,5259.566870656355,0.893673328841852,-38.39708051134951,,,,,,,,,,,,
730,3,541.685870570233,541.685870570233,573,405.0,2003768.0,10379.063588410303,5465.275192886725,0.6940937707490391,-36.20875988530476,0.0,0.0,,4613.0,0.0,0.019165585452904,-0.9998163232985581,50.0,4.0,0.0,0.0,95.0
731,2,,542.0,573,,,10376.558033704023,5221.093143881713,0.895118725596701,-38.46104719445748,,,,,,,,,,,,
732,3,542.685871970181,542.685871970181,573,405.0,2008696.0,10378.243607814646,5429.062850518395,-0.68102763764964,-36.256616602046265,0.0,0.0,,4650.0,0.0,-0.018780291721907,-0.9998236347690721,50.0,4.0,0.0,0.0,95.0
733,2,,543.0,573,,,10378.579175393004,5182.722757998037,3.8597226668142213,-38.22827129487212,,,,,,,,,,,,
734,3,543.685873383989,543.685873383989,573,405.0,2013815.0,10377.452945939998,5392.876185866905,-0.6804163226686231,-36.22410317405429,0.0,0.0,,4686.0,0.0,-0.018780291722314,-0.9998236347690651,50.0,4.0,0.0,0.0,95.0
735,2,,544.0,573,,,10382.425646225462,5144.475227013459,3.862994948015649,-38.21838429126364,,,,,,,,,,,,
736,3,544.6858748122689,544.6858748122689,573,405.0,2018872.0,10376.629240924309,5356.6528047153215,-0.680580436023779,-36.2328235953166,0.0,0.0,,4722.0,0.0,-0.018780291722307,-0.9998236347690651,50.0,4.0,0.0,0.0,95.0
737,2,,545.0,573,,,10389.038896795526,5106.549782681716,6.473581617722106,-37.890048940506844,,,,,,,,,,,,
738,3,545.685876254178,545.685876254178,573,405.0,2028136.0,10376.213984150025,5320.339289007637,-0.681032611877583,-36.25699030764174,0.0,0.0,,4758.0,0.0,-0.018780291721907,-0.9998236347690721,50.0,4.0,0.0,0.0,95.0
739,2,,546.0,573,,,10396.189907902639,5068.822278999818,8.037847413440145,-37.61299422780604,,,,,,,,,,,,
740,3,546.68586470957,546.68586470957,573,405.0,2033026.0,10377.108595352436,5284.158133148183,0.83215079243274,-36.23088318606929,0.0,0.0,,4794.0,0.0,0.022961854406849003,-0.9997363418632921,50.0,4.0,0.0,0.0,95.0
741,2,,547.0,573,,,10404.175915606724,5031.201811890111,8.021623631489216,-37.53894133668759,,,,,,,,,,,,
742,3,547.685866180345,547.685866180345,573,405.0,2042147.0,10378.070036682464,5247.909950718969,0.8316704062700151,-36.21000172435022,0.0,0.0,,4831.0,0.0,0.022961854406849003,-0.9997363418632921,50.0,4.0,0.0,0.0,95.0
743,2,,548.0,573,,,10414.477307219853,4994.133745388815,10.73154415464156,-36.83481961291699,,,,,,,,,,,,
744,3,548.227646125131,548.227646125131,573,735.0,2045276.0,10571.08401067931,4651.621201386871,-22.686625944089634,30.972703876956825,0.0,0.0,,271.0,0.0,-0.59094116260189,0.806714659804026,50.0,4.0,0.0,0.0,23.0
745,3,548.685872611056,548.685872611056,573,405.0,2047274.0,10378.726143242005,5211.723337910107,0.832984241224591,-36.26729015719723,0.0,0.0,,4867.0,0.0,0.022961854406849003,-0.9997363418632921,50.0,4.0,0.0,0.0,95.0
746,2,,549.0,573,,,10425.165735350129,4957.2196495547305,10.763536474955405,-36.946821379918575,,,,,,,,,,,,
747,3,549.227648204594,549.227648204594,573,735.0,2050391.0,10548.427103885093,4682.627787467687,-22.711024682852507,31.005696931245133,0.0,0.0,,310.0,0.0,-0.590941162601986,0.8067146598039551,50.0,4.0,0.0,0.0,23.0
748,3,549.685874706166,549.685874706166,573,405.0,2052364.0,10381.456355205553,5175.523536449174,3.627227383941118,-36.043400039930205,0.0,0.0,,4903.0,0.0,0.10012905765355201,-0.9949744578698541,50.0,4.0,0.0,0.0,95.0
749,2,,550.0,573,,,10439.002136968224,4921.289312918927,13.817082687045223,-35.92429459107177,,,,,,,,,,,,
750,3,550.2276497773901,550.2276497773901,573,735.0,2055460.0,10526.172972521925,4713.975585998654,-20.63375744153652,32.478043106917944,0.0,0.0,,348.0,0.0,-0.53627134505746,0.844045641224609,50.0,4.0,0.0,0.0,23.0
751,3,550.68587629253,550.68587629253,573,405.0,2057339.0,10385.21009376809,5139.586045848589,6.034514830777377,-35.684884050695445,0.0,0.0,,4939.0,0.0,0.166737819395949,-0.9860012675362461,50.0,4.0,0.0,0.0,95.0
752,2,,551.0,573,,,10453.500601634372,4885.729039738533,16.078393107251713,-34.957798377396664,,,,,,,,,,,,
753,3,551.227650841849,551.227650841849,573,735.0,2060471.0,10505.555184468918,4746.399163711374,-20.606299457023365,32.434826566711685,0.0,0.0,,387.0,0.0,-0.53627134505746,0.844045641224609,50.0,4.0,0.0,0.0,23.0
754,3,551.685864370826,551.685864370826,573,405.0,2062303.0,10391.171325887666,5103.921425185497,6.096050064543424,-35.75316806072262,0.0,0.0,,4975.0,0.0,0.16807796273542303,-0.985773705493664,50.0,4.0,0.0,0.0,95.0
755,2,,552.0,573,,,10469.429700904428,4850.804040322538,16.05294425983144,-34.899894753234854,,,,,,,,,,,,
756,3,552.2276468813038,552.2276468813038,573,735.0,2065469.0,10485.994276043944,4779.403309179663,-17.604203209585865,34.21092514216979,0.0,0.0,,425.0,0.0,-0.45758111970090504,0.8891678800391211,50.0,4.0,0.0,0.0,23.0
757,3,552.685873425072,552.685873425072,573,405.0,2067184.0,10398.017610138511,5068.403557933354,7.558474904652304,-35.425218936832735,0.0,0.0,,5012.0,0.0,0.208667209466414,-0.9779867052744121,50.0,4.0,0.0,0.0,95.0
758,2,,553.0,573,,,10486.742146200839,4816.6561724732555,17.924482407485588,-33.99347264287087,,,,,,,,,,,,
759,3,553.227655594349,553.227655594349,573,735.0,2074351.0,10468.554900855384,4813.551911960092,-17.611784244252874,34.22845930921818,0.0,0.0,,464.0,0.0,-0.457581119700987,0.8891678800390791,50.0,4.0,0.0,0.0,23.0
760,3,553.685869153963,553.685869153963,573,405.0,2076200.0,10405.24385896921,5033.06404076188,7.5522126277760755,-35.395827729660795,0.0,0.0,,5048.0,0.0,0.208667209466455,-0.9779867052744031,50.0,4.0,0.0,0.0,95.0
761,2,,554.0,573,,,10504.707578743872,4782.631660647231,17.91284429558294,-33.972030307867406,,,,,,,,,,,,
762,3,554.227651308929,554.227651308929,573,735.0,2079226.0,10451.491968384487,4847.928815302535,-16.419103217982048,34.821118241972144,0.0,0.0,,502.0,0.0,-0.42654940337047903,0.904464264901763,50.0,4.0,0.0,0.0,23.0
763,3,554.68586488305,554.68586488305,573,405.0,2081049.0,10414.884972128712,4998.000859824878,10.126296853805739,-34.79523998150824,0.0,0.0,,5084.0,0.0,0.27943204270788,-0.960165471941217,50.0,4.0,0.0,0.0,95.0
764,2,,555.0,573,,,10524.944937458364,4749.921788390001,20.552690737355476,-32.40777776940035,,,,,,,,,,,,
765,3,555.2276470388481,555.2276470388481,573,735.0,2083953.0,10434.97391734137,4882.696866456036,-16.41416417354422,34.81028624671678,0.0,0.0,,541.0,0.0,-0.42654940337047903,0.904464264901763,50.0,4.0,0.0,0.0,23.0
766,3,555.6858736282991,555.6858736282991,573,405.0,2085693.0,10425.015236136596,4963.252990239286,10.12595776914483,-34.79409429481605,0.0,0.0,,5120.0,0.0,0.27943204270793404,-0.960165471941201,50.0,4.0,0.0,0.0,95.0
767,2,,556.0,573,,,10545.468268308501,4717.4522269640975,20.562114516380095,-32.39731106071903,,,,,,,,,,,,
768,3,556.227655524675,556.227655524675,573,735.0,2088773.0,10421.091791214425,4918.377316367775,-13.665940561439058,35.99381245910488,0.0,0.0,,579.0,0.0,-0.35500571186338203,0.9348641315958021,50.0,4.0,0.0,0.0,23.0
769,3,556.685869128569,556.685869128569,573,405.0,2090692.0,10437.29049675449,4929.213386031547,12.990927963350257,-33.80408847433996,0.0,0.0,,5157.0,0.0,0.35872231706547203,-0.9334443203743751,50.0,4.0,0.0,0.0,95.0
770,2,,557.0,573,,,10568.219623841054,4686.417556141495,22.67106297608387,-30.96477975657019,,,,,,,,,,,,
771,3,557.2276448389799,557.2276448389799,573,735.0,2093591.0,10407.89032863745,4954.405898702885,-11.290515566299888,36.73733644264692,0.0,0.0,,617.0,0.0,-0.293823460726094,0.9558597041025111,50.0,4.0,0.0,0.0,23.0
772,3,557.685871457458,557.685871457458,573,405.0,2095345.0,10450.211950984629,4895.491013091537,14.006092041780498,-33.36092867067148,0.0,0.0,,5193.0,0.0,0.38710261458728,-0.92203664015032,50.0,4.0,0.0,0.0,95.0
773,2,,558.0,573,,,10591.006449692766,4655.372449772422,22.730524042978345,-31.04136653777077,,,,,,,,,,,,
774,3,558.550166683473,558.550166683473,573,795.0,2099768.0,10759.614217536558,4322.577268778313,-11.996968618255346,36.01920338314293,0.0,0.0,,521.0,0.0,-0.31604275936444104,0.9487449468921081,70.0,4.0,0.0,0.0,49.0
775,3,558.685873091159,558.685873091159,573,405.0,2100317.0,10465.366593377976,4862.53903612552,15.13632022607619,-32.9340437816451,0.0,0.0,,5229.0,0.0,0.41760112702664504,-0.908630452222505,50.0,4.0,0.0,0.0,95.0
776,2,,559.0,573,,,10613.667180144359,4624.343826641128,22.68915410819539,-30.987898270474677,,,,,,,,,,,,
777,3,559.5501548130819,559.5501548130819,573,795.0,2104543.0,10745.948428676224,4357.745272816631,-14.200411524210375,35.233449250076475,0.0,0.0,,26.0,1.0,-0.373851378094233,0.9274886237022221,70.0,4.0,0.0,0.0,49.0
778,3,559.685874740244,559.685874740244,573,405.0,2105001.0,10481.550780089958,4829.956651109011,16.857077597020798,-31.9967994533262,0.0,0.0,,5265.0,0.0,0.46610561817938806,-0.8847290843538541,50.0,4.0,0.0,0.0,95.0
779,2,,560.0,573,,,10636.174418222174,4593.319603578521,22.726380927933565,-31.038510831312895,,,,,,,,,,,,
780,3,560.5501559571981,560.5501559571981,573,795.0,2109244.0,10731.68921587357,4392.860347635818,-15.400024365782567,34.715937117728,0.0,0.0,,64.0,1.0,-0.40553473678459906,0.914079633982207,70.0,4.0,0.0,0.0,49.0
781,3,560.685876405457,560.685876405457,573,405.0,2109701.0,10498.295480521141,4797.9175590262485,16.896651792451994,-32.07191642321219,0.0,0.0,,5301.0,0.0,0.46610561817947205,-0.88472908435381,50.0,4.0,0.0,0.0,95.0
782,2,,561.0,573,,,10658.046428014733,4561.825011016854,21.90979776700321,-31.582987936414412,,,,,,,,,,,,
783,3,561.550157131892,561.550157131892,573,795.0,2113915.0,10719.635463048846,4428.250837317481,-1.117795928437333,38.014306793915786,0.0,0.0,,3.0,1.0,-0.029425432249598003,0.9995669782145281,70.0,4.0,0.0,0.0,49.0
784,3,561.6858728098018,561.6858728098018,573,405.0,2114502.0,10516.344314967202,4766.305171255217,19.402491921543284,-30.619078594039067,0.0,0.0,,5338.0,0.0,0.5352559981568831,-0.8446898936515561,50.0,4.0,0.0,0.0,95.0
785,2,,562.0,573,,,10679.871631944092,4529.923307582354,19.702997335742076,-32.99036836138267,,,,,,,,,,,,
786,3,562.5501660345469,562.5501660345469,573,795.0,2118726.0,10702.329600366687,4461.892640890448,-17.83110309607362,33.48601079864917,0.0,0.0,,41.0,1.0,-0.47005509865495804,0.8826370739032421,70.0,4.0,0.0,0.0,49.0
787,3,562.68586871357,562.68586871357,573,405.0,2119194.0,10535.670841390896,4735.70380355638,19.409507524850685,-30.630149949137213,0.0,0.0,,5374.0,0.0,0.5352559981565951,-0.8446898936517391,50.0,4.0,0.0,0.0,95.0
788,2,,563.0,573,,,10699.498123626421,4496.90956986598,19.68851516078838,-32.96693187474763,,,,,,,,,,,,
789,3,563.550162040939,563.550162040939,573,795.0,2123315.0,10683.49799124922,4495.034943299106,-19.067355408742408,32.77688481089272,0.0,0.0,,79.0,1.0,-0.502879297583376,0.8643566463341671,70.0,4.0,0.0,0.0,49.0
790,3,563.685864413254,563.685864413254,573,405.0,2123782.0,10555.786313274284,4705.671512120982,21.38682890065247,-29.23166558120708,0.0,0.0,,5410.0,0.0,0.5904695507354061,-0.8070599170162811,50.0,4.0,0.0,0.0,95.0
791,2,,564.0,573,,,10717.831354825601,4463.184433205547,17.720377703065214,-34.16918448259621,,,,,,,,,,,,
792,3,564.5501582386789,564.5501582386789,573,795.0,2128091.0,10664.354935263007,4527.763356709363,-20.142458670885755,32.201794940986765,0.0,0.0,,117.0,1.0,-0.5303378847897401,0.8477863692916651,70.0,4.0,0.0,0.0,49.0
793,3,564.6858731217138,564.6858731217138,573,405.0,2128559.0,10577.266420622514,4676.38622761056,21.35023695581146,-29.18156427857226,0.0,0.0,,5446.0,0.0,0.590469550735239,-0.8070599170164031,50.0,4.0,0.0,0.0,95.0
794,2,,565.0,573,,,10734.765220515475,4429.091871517665,16.56867304738991,-34.71062516914262,,,,,,,,,,,,
795,3,565.550154450841,565.550154450841,573,795.0,2132795.0,10642.550707223372,4558.857465117071,-21.75709005443078,31.072222075015294,0.0,0.0,,155.0,1.0,-0.573593648712586,0.8191399917941881,70.0,4.0,0.0,0.0,49.0
796,3,565.685868844027,565.685868844027,573,405.0,2133443.0,10598.616773450427,4647.192240588925,21.378318478037684,-29.219946394922495,0.0,0.0,,5482.0,0.0,0.590469550735239,-0.8070599170164031,50.0,4.0,0.0,0.0,95.0
797,2,,566.0,573,,,10751.202785140305,4394.227833620028,16.1892258707832,-34.79538180471512,,,,,,,,,,,,
798,3,566.550163679053,566.550163679053,573,795.0,2141978.0,10620.632645401372,4589.722171698109,-22.434596121195103,30.63118633977399,0.0,0.0,,193.0,1.0,-0.590917029200248,0.806732337644371,70.0,4.0,0.0,0.0,49.0
799,3,566.68586470505,566.68586470505,573,405.0,2142514.0,10619.935631364866,4617.978725401438,21.349318821291472,-29.180309362750812,0.0,0.0,,5519.0,0.0,0.590469550735503,-0.80705991701621,50.0,4.0,0.0,0.0,95.0
800,2,,567.0,573,,,10765.462304738812,4358.432036585897,14.10480617576097,-35.72251603679676,,,,,,,,,,,,
801,3,567.550160045383,567.550160045383,573,795.0,2146720.0,10594.963115966662,4618.840456939299,-22.43127953388304,30.62464469685258,0.0,0.0,,231.0,0.0,-0.59094116260189,0.806714659804026,70.0,4.0,0.0,0.0,49.0
802,3,567.685874061051,567.685874061051,573,405.0,2147206.0,10641.375291259521,4588.762878320957,21.382797003219583,-29.226161282898794,0.0,0.0,,5555.0,0.0,0.590469550735503,-0.80705991701621,50.0,4.0,0.0,0.0,95.0
803,2,,568.0,573,,,10778.544419729782,4322.16076928779,12.17510558178837,-36.4336678244999,,,,,,,,,,,,
804,3,568.6858701097531,568.6858701097531,573,405.0,2151862.0,10662.09663166258,4559.033755151035,20.662675295594656,-29.8086646501959,0.0,0.0,,5591.0,0.0,0.569691841930934,-0.82185838514755,50.0,4.0,0.0,0.0,95.0
805,2,,569.0,573,,,10790.561883092085,4285.629477273801,12.171318822552022,-36.42025129567099,,,,,,,,,,,,
806,3,569.6858661186329,569.6858661186329,573,405.0,2156455.0,10682.208868321886,4528.925973924506,18.5464818045427,-31.077369998621293,0.0,0.0,,5627.0,0.0,0.512461471046848,-0.858710219278016,50.0,4.0,0.0,0.0,95.0
807,2,,570.0,573,,,10801.44472507823,4248.68425890286,9.948676575162375,-37.139117922925145,,,,,,,,,,,,
808,3,570.685875157417,570.685875157417,573,405.0,2161483.0,10700.949170051026,4497.776221217271,18.55643843534811,-31.09405390774701,0.0,0.0,,5664.0,0.0,0.5124614710470571,-0.858710219277892,50.0,4.0,0.0,0.0,95.0
809,2,,571.0,573,,,10811.268340573219,4211.396872557922,8.192976985851654,-37.58837852496482,,,,,,,,,,,,
810,3,571.6858639815821,571.6858639815821,573,405.0,2166270.0,10718.236016414898,4466.09855643104,16.691602438457558,-32.21115729679591,0.0,0.0,,5700.0,0.0,0.460087480257229,-0.8878735892628821,50.0,4.0,0.0,0.0,95.0
811,2,,572.0,573,,,10818.396251354545,4173.530990100758,5.967667345365005,-37.96161794182488,,,,,,,,,,,,
812,3,572.6858658195671,572.6858658195671,573,405.0,2175092.0,10734.5895030023,4433.793659410851,15.287212495111552,-32.851117563424,0.0,0.0,,5736.0,0.0,0.42190237212344206,-0.9066412677551201,50.0,4.0,0.0,0.0,95.0
813,2,,573.0,573,,,10824.174279598683,4135.457834384028,5.8440207306430825,-38.01355706209847,,,,,,,,,,,,
814,3,573.685867708087,573.685867708087,573,405.0,2180167.0,10751.891721929298,4404.396934871684,13.592243442419925,-29.241247226832826,0.0,0.0,,28.0,0.0,0.421516687891333,-0.906820644796489,50.0,4.0,0.0,0.0,95.0
815,3,573.970477249174,573.970477249174,573,807.0,2182206.0,10812.111421970174,3722.7044434323543,-0.044471496176408006,29.31994841019155,0.0,0.0,,12.0,1.0,-0.0016346970310900002,0.999998663881915,70.0,4.0,0.0,0.0,77.0
816,2,,574.0,573,,,10829.11632976192,4097.26525059744,4.645680667955451,-38.0843799304522,,,,,,,,,,,,
817,3,574.68587021169,574.68587021169,573,405.0,2185109.0,10763.177039265382,4376.863954668438,10.196607266279017,-25.84213178067523,0.0,0.0,,57.0,0.0,0.36703292169774104,-0.9302079522289731,50.0,4.0,0.0,0.0,95.0
818,3,574.97047922976,574.97047922976,573,807.0,2187016.0,10811.785379639008,3752.09186698591,-0.044590601380359,29.3916572017576,0.0,0.0,,41.0,1.0,-0.0016346970310900002,0.999998663881915,70.0,4.0,0.0,0.0,77.0
819,2,,575.0,573,,,10832.387302956631,4058.9012773249824,1.9992695725630711,-38.42692330073021,,,,,,,,,,,,
820,3,575.685872297055,575.685872297055,573,405.0,2189928.0,10772.572917382455,4353.211346155722,8.544958486365836,-21.656196627918206,0.0,0.0,,83.0,0.0,0.36703292169774104,-0.9302079522289731,50.0,4.0,0.0,0.0,95.0
821,3,575.970480759031,575.970480759031,573,807.0,2191907.0,10811.675037319294,3781.499488696119,-0.044560432431941,29.37281890885362,0.0,0.0,,71.0,1.0,-0.0016346970310900002,0.999998663881915,70.0,4.0,0.0,0.0,77.0
822,2,,576.0,573,,,10834.355725402198,4020.421678755675,1.982295632920529,-38.38911862956963,,,,,,,,,,,,
823,3,576.6858739605228,576.6858739605228,573,405.0,2194763.0,10780.856862649573,4333.85651257571,8.19863941473672,-17.66646827810228,0.0,0.0,,3.0,0.0,0.42095618248576705,-0.907080973467644,50.0,4.0,0.0,0.0,95.0
824,3,576.9704818398291,576.9704818398291,573,807.0,2196780.0,10811.71650928818,3810.9849714892835,0.6388577170720411,29.337781342574036,0.0,0.0,,1.0,0.0,0.021655821538478,0.9997654851981501,70.0,4.0,0.0,0.0,77.0
825,2,,577.0,573,,,10835.345618213056,3981.857029471267,0.49568215292830603,-38.38150334664384,,,,,,,,,,,,
826,3,577.685875171346,577.685875171346,573,405.0,2199639.0,10789.445999940297,4316.188516801406,8.334470110258152,-17.65983503472163,0.0,0.0,,23.0,0.0,0.42680089096974505,-0.9043456194771061,50.0,4.0,0.0,0.0,95.0
827,3,577.9704824748529,577.9704824748529,573,807.0,2201626.0,10812.768279987917,3840.2267800313143,0.989361472442252,29.29276334820256,0.0,0.0,,30.0,0.0,0.033642090408483004,0.9994339446671531,70.0,4.0,0.0,0.0,77.0
828,2,,578.0,573,,,10835.213320500334,3943.3526672799917,-1.258149951213614,-38.373203039520945,,,,,,,,,,,,
829,3,578.97048269787,578.97048269787,573,807.0,2215238.0,10814.045864135971,3869.461177949786,0.991840097943218,29.366397965781452,0.0,0.0,,60.0,0.0,0.033642090408483004,0.9994339446671531,70.0,4.0,0.0,0.0,77.0
830,2,,579.0,573,,,10833.786596803071,3904.858650880218,-1.260591790564941,-38.447163427103916,,,,,,,,,,,,
831,3,579.970483012283,579.970483012283,573,807.0,2220224.0,10814.992297824148,3898.7164632178537,0.9890480407816291,29.28345196927682,0.0,0.0,,89.0,0.0,0.033642090408848004,0.9994339446671411,70.0,4.0,0.0,0.0,77.0
832,2,,580.0,573,,,10832.405840785501,3866.360665689096,-1.260497449606599,-38.44430595211303,,,,,,,,,,,,
833,3,580.055828059533,580.055828059533,573,843.0,2220508.0,10841.95112545759,3517.753496545509,-8.14049131506516,32.782783991729396,0.0,0.0,,1244.0,0.0,-0.24101589587476802,0.9705211682058681,50.0,4.0,0.0,0.0,32.0
834,3,580.970481240695,580.970481240695,573,807.0,2225364.0,10815.86962105023,3927.9530300589054,0.991102555312208,29.3444871649923,0.0,0.0,,118.0,0.0,0.033642090408483004,0.9994339446671531,70.0,4.0,0.0,0.0,77.0
835,2,,581.0,573,,,10831.189077699473,3827.885758180901,-1.260972561639036,-38.45869652618782,,,,,,,,,,,,
836,3,581.055829402287,581.055829402287,573,843.0,2229836.0,10833.808964001904,3550.5709699452555,-7.832376309251853,32.86280299623283,0.0,0.0,,1278.0,0.0,-0.23186049526944302,0.9727490481791321,50.0,4.0,0.0,0.0,32.0
837,3,581.970477940101,581.970477940101,573,807.0,2234465.0,10816.603842888067,3957.20511250264,0.9886555642877171,29.27179233947828,0.0,0.0,,148.0,0.0,0.033642090408483004,0.9994339446671531,70.0,4.0,0.0,0.0,77.0
838,2,,582.0,573,,,10829.934055528067,3789.4681963898315,-1.3181434549803481,-38.39773776855509,,,,,,,,,,,,
839,3,582.055830713558,582.055830713558,573,843.0,2234711.0,10828.378952937863,3583.919819095851,-5.541828533416,33.42502846752726,0.0,0.0,,1312.0,0.0,-0.16358390628709701,0.9865294246011381,50.0,4.0,0.0,0.0,32.0
840,3,582.9499872355568,582.9499872355568,573,855.0,2239459.0,10885.152232120256,3360.978924320067,-12.65637392666449,36.1890020380442,0.0,0.0,,1082.0,0.0,-0.330187166146491,0.9439154810215521,70.0,4.0,0.0,0.0,77.0
841,3,582.970487198904,582.970487198904,573,807.0,2239674.0,10816.720802431522,3986.4363128452765,-0.21693132449462302,29.365312597821433,0.0,0.0,,177.0,0.0,-0.007505461484770001,0.999971833627278,70.0,4.0,0.0,0.0,77.0
842,2,,583.0,573,,,10830.93768912728,3751.1659420873725,2.261532460791754,-38.413980885202044,,,,,,,,,,,,
843,3,583.055827221361,583.055827221361,573,843.0,2244100.0,10823.10072603811,3617.2884021043965,-5.518629584615781,33.28397536158505,0.0,0.0,,1346.0,0.0,-0.163583906287064,0.9865294246011441,50.0,4.0,0.0,0.0,32.0
844,3,583.949983237006,583.949983237006,573,855.0,2248644.0,10872.58017523227,3397.1756515743314,-12.654965674944158,36.182270607272,0.0,0.0,,1120.0,0.0,-0.330187166146491,0.9439154810215521,70.0,4.0,0.0,0.0,77.0
845,3,583.970483004022,583.970483004022,573,807.0,2248818.0,10816.499980588587,4015.713930222661,-0.216746290656459,29.34042919527348,0.0,0.0,,206.0,0.0,-0.007505461484405,0.99997183362728,70.0,4.0,0.0,0.0,77.0
846,2,,584.0,573,,,10833.161767539108,3712.8820013990135,2.2547212503920813,-38.302086907914315,,,,,,,,,,,,
847,3,584.0558232275799,584.0558232275799,573,843.0,2249063.0,10818.867131001809,3650.791435504406,-3.5540356508832502,33.69235186736655,0.0,0.0,,1380.0,0.0,-0.10490598129266901,0.9944821441780751,50.0,4.0,0.0,0.0,32.0
848,3,584.94999173296,584.94999173296,573,855.0,2253726.0,10862.576369562807,3434.1422570562413,-9.232837448047178,37.182751050746056,0.0,0.0,,1158.0,0.0,-0.24101589587474903,0.9705211682058721,70.0,4.0,0.0,0.0,77.0
849,2,,585.0,573,,,10832.055462248165,3675.0621540118605,2.256029392993035,-38.41151350096765,,,,,,,,,,,,
850,3,585.0558304208901,585.0558304208901,573,843.0,2254190.0,10815.094806184214,3684.3851821063613,-3.547774175380553,33.63299466478466,0.0,0.0,,1413.0,0.0,-0.10490598129266901,0.9944821441780751,50.0,4.0,0.0,0.0,32.0
851,3,585.949985421751,585.949985421751,573,855.0,2258536.0,10853.353419163657,3471.3733159863514,-9.2573604260877,37.28184144859912,0.0,0.0,,1197.0,0.0,-0.24101589587474903,0.9705211682058721,70.0,4.0,0.0,0.0,77.0
852,2,,586.0,573,,,10834.399094137354,3636.7003187334185,2.255938113273702,-38.41014910396155,,,,,,,,,,,,
853,3,586.0558254278881,586.0558254278881,573,843.0,2259006.0,10811.64846973164,3717.6584270986305,-2.194495174599012,33.71090149650442,0.0,0.0,,7.0,1.0,-0.064962975359366,0.997887674957686,50.0,4.0,0.0,0.0,32.0
854,3,586.9499929209751,586.9499929209751,573,855.0,2263685.0,10844.26612599665,3508.5869443123374,-9.261077262965543,37.29462972873255,0.0,0.0,,1235.0,0.0,-0.24101589587474903,0.9705211682058721,70.0,4.0,0.0,0.0,77.0
855,2,,587.0,573,,,10839.618150587488,3598.6471609250952,5.56374846963917,-38.037957385570614,,,,,,,,,,,,
856,3,587.0558298259381,587.0558298259381,573,843.0,2264103.0,10811.479578880082,3751.5039902336207,-0.055107700068978006,33.76931428278593,0.0,0.0,,41.0,1.0,-0.001634697031171,0.999998663881915,50.0,4.0,0.0,0.0,32.0
857,3,587.949983981504,587.949983981504,573,855.0,2268363.0,10835.0428786793,3545.805293313469,-9.256461145017871,37.27618829346527,0.0,0.0,,1273.0,0.0,-0.241015895875091,0.970521168205787,70.0,4.0,0.0,0.0,77.0
858,2,,588.0,573,,,10845.286755550565,3560.6152906991724,5.569091132606422,-38.07504965308312,,,,,,,,,,,,
859,3,588.055834029019,588.055834029019,573,843.0,2273094.0,10811.34598811041,3785.3371624009515,-0.05520215443941601,33.827095169662584,0.0,0.0,,74.0,1.0,-0.001634697031171,0.999998663881915,50.0,4.0,0.0,0.0,32.0
860,3,588.949988572168,588.949988572168,573,855.0,2277454.0,10828.307156912091,3583.5784139621396,-6.267513356418017,37.798855367654234,0.0,0.0,,1312.0,0.0,-0.163583906287146,0.98652942460113,70.0,4.0,0.0,0.0,77.0
861,2,,589.0,573,,,10854.019414900273,3523.2909665539746,9.783489249375316,-37.165626160922265,,,,,,,,,,,,
862,3,589.055825097454,589.055825097454,573,843.0,2277932.0,10811.752904090117,3819.270073859548,1.136381483781335,33.758870116782084,0.0,0.0,,9.0,0.0,0.033642090408603005,0.9994339446671491,50.0,4.0,0.0,0.0,32.0
863,3,589.340397346883,589.340397346883,573,861.0,2279244.0,10983.70532794932,3108.290907164835,-14.887307116997839,39.28434413948772,1.0,0.0,,852.0,0.0,-0.35437150407115203,0.9351047198588771,70.0,4.0,0.0,0.0,39.0
864,3,589.949982401329,589.949982401329,573,855.0,2282427.0,10822.011367595793,3621.413003602808,-6.283706737785209,37.898666933097154,0.0,0.0,,1350.0,0.0,-0.163583906286822,0.9865294246011841,70.0,4.0,0.0,0.0,77.0
865,2,,590.0,573,,,10864.046577685463,3486.112015143786,9.78892567001622,-37.18854758398835,,,,,,,,,,,,
866,3,590.340399478207,590.340399478207,573,861.0,2284212.0,10968.89295111468,3147.5854566689036,-14.90378926404635,39.327836726564854,1.0,0.0,,894.0,0.0,-0.37442287760797505,0.9272580594008141,70.0,4.0,0.0,0.0,39.0
867,3,590.9499850408911,590.9499850408911,573,855.0,2287590.0,10817.355281018265,3659.4646564785467,-4.025509076124551,38.16779257689724,0.0,0.0,,1388.0,0.0,-0.10490598129266701,0.9944821441780751,70.0,4.0,0.0,0.0,77.0
868,2,,591.0,573,,,10873.922488835933,3448.9236838185293,9.791284652896689,-37.19630150624022,,,,,,,,,,,,
869,3,591.340401074297,591.340401074297,573,861.0,2293770.0,10953.169078786294,3186.582759528952,-15.74395525444613,38.989973047095475,1.0,0.0,,937.0,0.0,-0.37442287760797505,0.9272580594008141,70.0,4.0,0.0,0.0,39.0
870,3,591.949987147352,591.949987147352,573,855.0,2297036.0,10813.226844971454,3697.622981219906,-4.029975131401562,38.20812186582408,0.0,0.0,,1427.0,0.0,-0.10490598129268601,0.9944821441780731,70.0,4.0,0.0,0.0,77.0
871,2,,592.0,573,,,10883.809187158524,3411.7509645481828,9.797429408074981,-37.22165494092597,,,,,,,,,,,,
872,3,592.340389135609,592.340389135609,573,861.0,2307260.0,10937.494294576893,3225.5644967695107,-15.761542490356375,39.03352782757401,1.0,0.0,,979.0,0.0,-0.37442287760797505,0.9272580594008141,70.0,4.0,0.0,0.0,39.0
873,2,,593.0,573,,,10896.308096161374,3375.3861177456724,12.531964021245855,-36.384978928253375,,,,,,,,,,,,
874,3,593.340389666895,593.340389666895,573,861.0,2316907.0,10921.606631232,3264.540504163758,-15.71878372809675,38.92763577533474,1.0,0.0,,1021.0,0.0,-0.33912382730188,0.9407417444528141,70.0,4.0,0.0,0.0,39.0
875,2,,594.0,573,,,10909.228693041652,3339.265819073126,13.703412604418356,-35.90329011768136,,,,,,,,,,,,
876,3,594.340389917152,594.340389917152,573,861.0,2322288.0,10906.416045998118,3303.6667686340843,-14.262435838198703,39.56468455642152,1.0,0.0,,1063.0,0.0,-0.33912382730188,0.9407417444528141,70.0,4.0,0.0,0.0,39.0
877,2,,595.0,573,,,10922.727124507324,3303.374976200794,13.695107219450495,-35.88292896240531,,,,,,,,,,,,
878,3,595.34039592249,595.34039592249,573,861.0,2331714.0,10892.027431767146,3343.1947890908805,-14.266140480421049,39.57496136774012,1.0,0.0,,1105.0,0.0,-0.330187166146167,0.9439154810216651,70.0,4.0,0.0,0.0,39.0
879,2,,596.0,573,,,10936.802457294278,3267.6615170465393,14.333033077348793,-35.69858123301359,,,,,,,,,,,,
880,3,596.340392457326,596.340392457326,573,861.0,2341814.0,10878.32865060273,3382.8437333438,-13.865652210497645,39.63816723005466,1.0,0.0,,1147.0,0.0,-0.24101589587505,0.970521168205798,70.0,4.0,0.0,0.0,39.0
881,2,,597.0,573,,,10951.183353407781,3232.015510814762,14.312241935917644,-35.646357630410826,,,,,,,,,,,,
882,3,597.340393308178,597.340393308178,573,861.0,2347153.0,10866.051257968104,3422.9709801823237,-10.13090726316559,40.79531634663099,1.0,0.0,,1189.0,0.0,-0.24101589587474903,0.9705211682058721,70.0,4.0,0.0,0.0,39.0
883,2,,598.0,573,,,10965.493386629036,3196.3223718011973,14.328967990372742,-35.68468189528545,,,,,,,,,,,,
884,3,598.340389789893,598.340389789893,573,861.0,2352518.0,10855.86656400885,3463.7516183875246,-10.117895607329453,40.74269844493416,1.0,0.0,,1231.0,0.0,-0.24101589587474903,0.9705211682058721,70.0,4.0,0.0,0.0,39.0
885,2,,599.0,573,,,10980.073699876913,3160.6463448779123,14.30786759914,-35.63369492617626,,,,,,,,,,,,
886,2,,600.0,573,,,10993.96469506275,3124.7432773983437,13.69103117187168,-35.97142819161718,,,,,,,,,,,,
887,2,,601.0,573,,,11007.707054618157,3088.803462840916,13.676237619548331,-35.936627827109824,,,,,,,,,,,,
888,2,,602.0,573,,,11021.52544257392,3052.872087688684,13.661740936410503,-35.89817005367492,,,,,,,,,,,,
889,2,,603.0,573,,,11035.264766731147,3016.9837000782136,13.649145517450883,-35.861731697560806,,,,,,,,,,,,
890,2,,604.0,573,,,11047.519957809522,2980.565705091522,12.246699253835667,-36.48637705243868,,,,,,,,,,,,
891,2,,605.0,573,,,11058.087149339115,2943.7007782188666,10.100571747537657,-37.022970798103906,,,,,,,,,,,,
892,2,,606.0,573,,,11067.813419495627,2906.5038276613923,8.956894120223405,-37.372261386279575,,,,,,,,,,,,
893,2,,607.0,573,,,11076.356898007403,2868.987288489753,7.275426140003462,-37.783075188439376,,,,,,,,,,,,
894,2,,608.0,573,,,11083.479811758447,2831.261860896435,7.253828539493236,-37.67316175266939,,,,,,,,,,,,
895,2,,609.0,573,,,11089.190579778995,2793.737782653167,4.852191755684205,-38.08100443148081,,,,,,,,,,,,
896,3,609.174039379506,609.174039379506,573,351.0,2408410.0,10960.648855768015,3203.252520528234,15.81530109663379,-39.4140422579187,1.0,0.0,,564.0,2.0,0.37234795973723805,-0.9280932048450281,50.0,4.0,0.0,0.0,40.0
897,2,,610.0,573,,,11097.166314204376,2756.0661402418914,4.852279747662847,-38.09287751402999,,,,,,,,,,,,
898,3,610.174041939026,610.174041939026,573,351.0,2413365.0,10976.400782175411,3163.749723518688,15.819084325433405,-39.42165676228393,1.0,0.0,,607.0,2.0,0.355438989613829,-0.934699483610802,50.0,4.0,0.0,0.0,40.0
899,2,,611.0,573,,,11100.44159013481,2717.716721845986,2.623599374339531,-38.318170038078684,,,,,,,,,,,,
900,3,611.174044470308,611.174044470308,573,351.0,2422313.0,10991.698615971909,3124.0162256171516,15.14241074474215,-39.809309574995375,1.0,0.0,,650.0,2.0,0.355438989613695,-0.9346994836108531,50.0,4.0,0.0,0.0,40.0
901,2,,612.0,573,,,11101.17412747662,2679.245931636288,1.340167442493379,-38.44266396759514,,,,,,,,,,,,
902,3,612.174033971772,612.174033971772,573,351.0,2427141.0,11006.707365601978,3084.2518798447354,15.121862062681018,-39.76094117164709,1.0,0.0,,692.0,2.0,0.355438989613829,-0.934699483610802,50.0,4.0,0.0,0.0,40.0
903,2,,613.0,573,,,11102.198876217084,2640.924898685297,-0.539450508636196,-38.3728701179576,,,,,,,,,,,,
904,3,613.174036444251,613.174036444251,573,351.0,2431777.0,11021.85762447031,3044.4711432255194,15.109970665185525,-39.72380921565128,1.0,0.0,,735.0,2.0,0.309491732168355,-0.9509021336180871,50.0,4.0,0.0,0.0,40.0
905,2,,614.0,573,,,11101.68447626666,2602.5679879027325,-0.680350374050905,-38.462155585253946,,,,,,,,,,,,
906,3,614.174038887723,614.174038887723,573,351.0,2436440.0,11036.604397515253,3004.5438084638577,13.167486974069257,-40.44437052392639,1.0,0.0,,777.0,2.0,0.28034380457603003,-0.959899656857859,50.0,4.0,0.0,0.0,40.0
907,2,,615.0,573,,,11099.65509853935,2564.25941175731,-2.396678984168056,-38.369414585838065,,,,,,,,,,,,
908,3,615.174041302473,615.174041302473,573,351.0,2441533.0,11049.644022680854,2964.002237434646,11.936552381696858,-40.85593462298645,1.0,0.0,,820.0,2.0,0.25893081949941305,-0.9658958694980331,50.0,4.0,0.0,0.0,40.0
909,3,615.675220713602,615.675220713602,573,927.0,2443701.0,11070.499132232999,2163.7688157551347,-2.2222174989656462,31.26297331467159,0.0,0.0,,401.0,0.0,-0.07090303169362401,0.997483212939773,50.0,4.0,0.0,0.0,63.0
910,3,615.863220914134,615.863220914134,573,945.0,2444878.0,11080.742051795878,2124.3580030713442,-4.456911023347789,35.1948938254756,0.0,0.0,,360.0,2.0,-0.125677881455889,0.992071101339394,50.0,4.0,0.0,0.0,68.0
911,2,,616.0,573,,,11097.072157300008,2525.961081674711,-2.39696132602204,-38.373924122152594,,,,,,,,,,,,
912,3,616.174043688928,616.174043688928,573,351.0,2446425.0,11060.959655806524,2923.0330113128844,11.001306444692956,-41.0223981256386,1.0,0.0,,862.0,2.0,0.22552123865116702,-0.9742382516187931,50.0,4.0,0.0,0.0,40.0
913,3,616.6752226449211,616.6752226449211,573,927.0,2448284.0,11067.608846339635,2194.8392209359586,-7.310712617807075,30.39402398876059,0.0,0.0,,1.0,1.0,-0.23386183588192502,0.9722698399713601,50.0,4.0,0.0,0.0,63.0
914,3,616.863222815551,616.863222815551,573,945.0,2449395.0,11076.436391394793,2159.505061400138,-3.717242005435309,35.288107405291974,0.0,0.0,,396.0,2.0,-0.104802366302848,0.9944930688633901,50.0,4.0,0.0,0.0,68.0
915,2,,617.0,573,,,11094.414138382097,2487.701414924773,-2.395281909442658,-38.34710064689113,,,,,,,,,,,,
916,3,617.174033048094,617.174033048094,573,351.0,2450999.0,11071.062880417514,2881.7386478363615,9.584030968509428,-41.38429669088038,1.0,0.0,,905.0,2.0,0.18898547657507,-0.981979882504572,50.0,4.0,0.0,0.0,40.0
917,3,617.675224535794,617.675224535794,573,927.0,2452877.0,11066.7129728112,2226.1446761955954,-0.889030273548395,31.259677328804713,0.0,0.0,,32.0,1.0,-0.028429126137277,0.9995958107090431,50.0,4.0,0.0,0.0,63.0
918,3,617.863211687738,617.863211687738,573,945.0,2454071.0,11073.07257536462,2194.331067305668,-8.999178138066009,34.333284595783574,0.0,0.0,,1.0,3.0,-0.25359288486610304,0.9673110403305061,50.0,4.0,0.0,0.0,68.0
919,2,,618.0,573,,,11092.239513281462,2449.385278343665,-2.398803713893353,-38.403350558293454,,,,,,,,,,,,
920,3,618.17403538215,618.17403538215,573,351.0,2459836.0,11078.853972676512,2839.996960169636,8.026344711200396,-41.68519206580131,1.0,0.0,,26.0,3.0,0.12624630743974302,-0.9919989263390511,50.0,4.0,0.0,0.0,40.0
921,3,618.6752264086409,618.6752264086409,573,927.0,2461839.0,11065.756653414572,2257.4381265302495,-0.8895520291442881,31.27802276502979,0.0,0.0,,64.0,1.0,-0.028429126136874,0.9995958107090551,50.0,4.0,0.0,0.0,63.0
922,3,618.863213527115,618.863213527115,573,945.0,2462993.0,11072.177393766175,2229.7637426749566,-1.003802029065321,35.45808273659994,0.0,0.0,,36.0,3.0,-0.028337698025091004,0.999598406796768,50.0,4.0,0.0,0.0,68.0
923,2,,619.0,573,,,11089.782735534776,2411.1013372219127,-2.392359826352474,-38.300429425553936,,,,,,,,,,,,
924,3,619.1740376920241,619.1740376920241,573,351.0,2464558.0,11085.544832416585,2798.588094730858,5.3634341853898,-42.112379824764155,1.0,0.0,,68.0,3.0,0.126246307439343,-0.991998926339101,50.0,4.0,0.0,0.0,40.0
925,3,619.675228260719,619.675228260719,573,927.0,2466540.0,11065.605436372698,2288.768073963666,0.22839159478856702,31.356435156352795,0.0,0.0,,95.0,1.0,0.0072824650524,0.9999734824997911,50.0,4.0,0.0,0.0,63.0
926,3,619.863215349053,619.863215349053,573,945.0,2467746.0,11071.403852431611,2265.209474435421,-1.007107621311846,35.574685883229186,0.0,0.0,,72.0,3.0,-0.028337698024675003,0.99959840679678,50.0,4.0,0.0,0.0,68.0
927,2,,620.0,573,,,11087.589793808515,2372.799050770538,-2.111112000166801,-38.40756451989567,,,,,,,,,,,,
928,3,620.174039976925,620.174039976925,573,351.0,2473539.0,11090.879261104188,2756.608992869998,5.367429360271569,-42.144367419427454,1.0,0.0,,3.0,2.0,-0.052382151139644006,-0.998627112711237,50.0,4.0,0.0,0.0,40.0
929,3,620.67523012405,620.67523012405,573,927.0,2475696.0,11069.571203669075,2319.3441119542076,1.141240093910854,31.36022295710159,0.0,0.0,,7.0,1.0,0.036365178756377,0.9993385681409561,50.0,4.0,0.0,0.0,63.0
930,3,620.863217171419,620.863217171419,573,945.0,2476863.0,11071.465342288531,2300.675753385276,0.26071308939457605,35.524845929470814,0.0,0.0,,107.0,3.0,0.007300740857111,0.9999733492363371,50.0,4.0,0.0,0.0,68.0
931,2,,621.0,573,,,11085.509809226385,2334.4681369670534,-2.110072906094819,-38.38871089694028,,,,,,,,,,,,
932,3,621.174043400258,621.174043400258,573,351.0,2478393.0,11094.062200565459,2714.566203327137,-2.225960588193588,-42.49951583431953,1.0,0.0,,41.0,2.0,0.034618895990583,-0.999400586371847,50.0,4.0,0.0,0.0,40.0
933,3,621.675220785629,621.675220785629,573,927.0,2480395.0,11071.3708988069,2350.5889836570996,1.957987899684015,31.249343187582195,0.0,0.0,,38.0,1.0,0.062529388041905,0.998043123132014,50.0,4.0,0.0,0.0,63.0
934,3,621.863220830911,621.863220830911,573,945.0,2481517.0,11072.84402240305,2335.380837896512,2.21806820645651,35.40341798977517,0.0,0.0,,23.0,2.0,0.062497638579589,0.998045111792034,50.0,4.0,0.0,0.0,68.0
935,2,,622.0,573,,,11084.51892974515,2296.1193669219374,0.04632881898647501,-38.375577773598486,,,,,,,,,,,,
936,3,622.174033625569,622.174033625569,573,351.0,2483174.0,11095.380917330069,2672.063677966645,1.475150443078191,-42.48110620028678,1.0,0.0,,83.0,2.0,-0.017959909164228002,-0.9998387078238231,50.0,4.0,0.0,0.0,40.0
937,3,622.6752244709829,622.6752244709829,573,927.0,2485126.0,11070.026311033345,2381.8299825218796,1.9569787241402352,31.21781804824137,0.0,0.0,,69.0,0.0,0.062561104822256,0.9980411355066571,50.0,4.0,0.0,0.0,63.0
938,3,622.8632115223651,622.8632115223651,573,945.0,2486247.0,11074.845373946499,2370.849221153145,2.218560007685587,35.41115460373853,0.0,0.0,,58.0,2.0,0.062497638579187005,0.9980451117920591,50.0,4.0,0.0,0.0,68.0
939,2,,623.0,573,,,11084.743787313331,2257.7692849928103,0.061198585605629005,-38.40739035614023,,,,,,,,,,,,
940,3,623.174036797393,623.174036797393,573,351.0,2487822.0,11095.975929424569,2629.488265884245,-0.761430019014489,-42.58050643635788,1.0,0.0,,126.0,2.0,-0.06242332572661301,-0.9980497624894401,50.0,4.0,0.0,0.0,40.0
941,3,623.6752281048,623.6752281048,573,927.0,2489772.0,11072.044183674798,2413.0509812322884,1.9626198295893,31.30478981378669,0.0,0.0,,101.0,0.0,0.06256110482268401,0.9980411355066301,50.0,4.0,0.0,0.0,63.0
942,3,623.863215162089,623.863215162089,573,945.0,2490937.0,11077.301662899645,2406.293525120249,2.220051163627271,35.43625254258002,0.0,0.0,,94.0,2.0,0.062497638579589,0.998045111792034,50.0,4.0,0.0,0.0,68.0
943,2,,624.0,573,,,11084.660969786224,2219.397469078365,0.06114670432429901,-38.372332424165876,,,,,,,,,,,,
944,3,624.17403991689,624.17403991689,573,351.0,2492407.0,11094.902112464044,2586.901860437597,-2.647353795173916,-42.379412127323434,1.0,0.0,,169.0,2.0,-0.062423325727014006,-0.9980497624894151,50.0,4.0,0.0,0.0,40.0
945,3,624.67521868725,624.67521868725,573,927.0,2494448.0,11074.190273909615,2444.3027411911507,1.9593725695386732,31.255737566018254,0.0,0.0,,132.0,0.0,0.062561104822659,0.9980411355066321,50.0,4.0,0.0,0.0,63.0
946,3,624.863218756465,624.863218756465,573,945.0,2495563.0,11079.331390413936,2441.778084814203,2.220819002619306,35.45030211722965,0.0,0.0,,129.0,2.0,0.062497638579589,0.998045111792034,50.0,4.0,0.0,0.0,68.0
947,2,,625.0,573,,,11087.262173362835,2181.126507082898,3.364319594025726,-38.284230169879194,,,,,,,,,,,,
948,3,625.174042990585,625.174042990585,573,351.0,2497195.0,11092.223901814938,2544.354837642682,-2.6520927453167378,-42.45518040772699,1.0,0.0,,211.0,2.0,-0.06242332572661301,-0.9980497624894401,50.0,4.0,0.0,0.0,40.0
949,3,625.675222224648,625.675222224648,573,927.0,2499243.0,11076.202103680405,2475.5288958775436,1.9406841762926081,31.284336093713257,0.0,0.0,,163.0,0.0,0.061910963090062006,0.9980816763418011,50.0,4.0,0.0,0.0,63.0
950,3,625.863222313231,625.863222313231,573,945.0,2500347.0,11081.534475310396,2477.240666898665,2.181576318442179,35.454390344444846,0.0,0.0,,165.0,2.0,0.06139248025738701,0.9981137026250291,50.0,4.0,0.0,0.0,68.0
951,2,,626.0,573,,,11090.890442026372,2142.945704819785,4.468397864495624,-38.13977378352145,,,,,,,,,,,,
952,3,626.174033308604,626.174033308604,573,351.0,2506266.0,11089.678394597317,2501.8323512089555,-2.651048348640532,-42.43848216511684,1.0,0.0,,254.0,2.0,-0.06242332572661301,-0.9980497624894401,50.0,4.0,0.0,0.0,40.0
953,2,,627.0,573,,,11095.777161466538,2104.920189554417,7.202407215037973,-37.68709625034902,,,,,,,,,,,,
954,3,627.1740409366549,627.1740409366549,573,351.0,2511111.0,11086.864313013717,2459.3145211712226,-2.648045724444584,-42.39047497660631,1.0,0.0,,296.0,2.0,-0.06242332572661301,-0.9980497624894401,50.0,4.0,0.0,0.0,40.0
955,2,,628.0,573,,,11103.2189003496,2067.287036519447,8.746496033910987,-37.37272839616659,,,,,,,,,,,,
956,3,628.1740360810189,628.1740360810189,573,351.0,2515832.0,11084.283929052357,2416.795499066485,-2.647062801232464,-42.37475959670653,1.0,0.0,,339.0,2.0,-0.05512873119245101,-0.9984792551661301,50.0,4.0,0.0,0.0,40.0
957,2,,629.0,573,,,11112.772337091354,2030.0645556082488,9.420436714849718,-37.27974129811431,,,,,,,,,,,,
958,3,629.174044745948,629.174044745948,573,351.0,2525009.0,11081.92060066717,2374.270697633283,-2.341643554820144,-42.471185227166636,1.0,0.0,,381.0,2.0,-0.055128731192049,-0.9984792551661521,50.0,4.0,0.0,0.0,40.0
959,2,,630.0,573,,,11123.781811100072,1993.3285466794594,11.11219631967241,-36.77264436349726,,,,,,,,,,,,
960,3,630.17404093039,630.17404093039,573,351.0,2529687.0,11079.508409464193,2331.7419385546827,-2.340456145124442,-42.44967912851805,1.0,0.0,,424.0,2.0,0.001046681444554,-0.999999452228826,50.0,4.0,0.0,0.0,40.0
961,3,630.429773236727,630.429773236727,573,975.0,2530829.0,11320.323237064182,1648.4512454857627,-18.18670510444271,16.87074642537538,0.0,0.0,,100.0,0.0,-0.733133731097318,0.680084503813551,50.0,4.0,0.0,0.0,0.0
962,2,,631.0,573,,,11136.437641057277,1957.1199398345348,12.769483822012976,-36.23451571877478,,,,,,,,,,,,
963,3,631.1740392131189,631.1740392131189,573,351.0,2534373.0,11078.563512772489,2289.1814126429963,0.047982315412551005,-42.49771031634945,1.0,0.0,,466.0,2.0,0.001429335684889,-0.999998978499228,50.0,4.0,0.0,0.0,40.0
964,3,631.4297754848681,631.4297754848681,573,975.0,2535526.0,11301.484856360068,1666.8584152305327,-18.79987492035261,19.54759892383895,0.0,0.0,,126.0,0.0,-0.693187422871078,0.720757377189684,50.0,4.0,0.0,0.0,50.0
965,2,,632.0,573,,,11151.597845059574,1921.8238736749527,15.291437815638824,-35.31554205642403,,,,,,,,,,,,
966,3,632.174041435117,632.174041435117,573,351.0,2538985.0,11078.42966432234,2246.578405801782,0.064322875323488,-42.55349015634978,1.0,0.0,,509.0,2.0,0.08750356726387701,-0.9961642062010131,50.0,4.0,0.0,0.0,40.0
967,3,632.429764295371,632.429764295371,573,975.0,2540183.0,11281.575576090061,1687.3716841930463,-20.378387470148773,21.188909291307578,0.0,0.0,,154.0,0.0,-0.6931874228708691,0.7207573771898851,50.0,4.0,0.0,0.0,50.0
968,2,,633.0,573,,,11167.886856231577,1887.0855828087297,16.43658665385954,-34.75981069612549,,,,,,,,,,,,
969,3,633.1740432193419,633.1740432193419,573,351.0,2543621.0,11079.192929717703,2203.998274476226,3.7305572065009898,-42.42408214655768,1.0,0.0,,551.0,2.0,0.08750356726391101,-0.9961642062010101,50.0,4.0,0.0,0.0,40.0
970,3,633.429765652214,633.429765652214,573,975.0,2544825.0,11261.257443493549,1709.8856168301431,-20.461446436181916,24.45574644462118,0.0,0.0,,22.0,1.0,-0.641694833241201,0.766960064795779,50.0,4.0,0.0,0.0,50.0
971,2,,634.0,573,,,11185.831862029063,1853.3650322486192,18.227964055416276,-33.820339113471206,,,,,,,,,,,,
972,3,634.174044550914,634.174044550914,573,351.0,2548299.0,11082.908835850674,2161.5829054113947,3.724240374734483,-42.35047198319415,1.0,0.0,,594.0,2.0,0.11624957281994301,-0.9932200344431141,50.0,4.0,0.0,0.0,40.0
973,3,634.429766547374,634.429766547374,573,975.0,2549456.0,11240.52827412173,1734.4846459828925,-20.60517641420097,24.627555678159162,0.0,0.0,,54.0,1.0,-0.641694833241201,0.766960064795779,50.0,4.0,0.0,0.0,50.0
974,2,,635.0,573,,,11204.847715842485,1820.120105737888,20.85978231250783,-32.2135127909065,,,,,,,,,,,,
975,3,635.174032420644,635.174032420644,573,351.0,2553125.0,11087.957380250955,2119.2727723054104,4.943599282829425,-42.2015947563513,1.0,0.0,,636.0,2.0,0.18755323161095602,-0.9822544402100131,50.0,4.0,0.0,0.0,40.0
976,3,635.429762706344,635.429762706344,573,975.0,2554356.0,11221.025471917432,1759.8678218253833,-19.488860932830544,25.37118772721065,0.0,0.0,,86.0,1.0,-0.609172804536392,0.7930375112270951,50.0,4.0,0.0,0.0,50.0
977,2,,636.0,573,,,11223.00490685909,1786.9955187526,22.852388392858945,-30.933324962759006,,,,,,,,,,,,
978,3,636.174041552655,636.174041552655,573,351.0,2562131.0,11095.134539227418,2077.3719162354328,7.978723288556585,-41.767388685911136,1.0,0.0,,679.0,2.0,0.24467541295767703,-0.9696050444866661,50.0,4.0,0.0,0.0,40.0
979,3,636.429771638781,636.429771638781,573,975.0,2563281.0,11201.933959917962,1785.3363565671125,-17.81491493840975,26.602585137744196,0.0,0.0,,0.0,0.0,-0.5564272766468891,0.8308963147128081,50.0,4.0,0.0,0.0,50.0
980,2,,637.0,573,,,11245.675982452374,1756.075245208529,22.833896638971154,-30.89842250458077,,,,,,,,,,,,
981,3,637.174037458055,637.174037458055,573,351.0,2571006.0,11105.145340051195,2035.9390009330627,10.42052793773644,-41.27599142003447,1.0,0.0,,721.0,2.0,0.288829956026673,-0.9573804136818491,50.0,4.0,0.0,0.0,40.0
982,3,637.429767534986,637.429767534986,573,975.0,2572166.0,11186.468922947757,1812.713956335624,-17.10449716326882,27.102940735997148,0.0,0.0,,29.0,0.0,-0.533701270914524,0.8456730771546531,50.0,4.0,0.0,0.0,50.0
983,2,,638.0,573,,,11270.01245149123,1726.2120681990912,24.583317428556555,-29.53815014664751,,,,,,,,,,,,
984,3,638.174033328658,638.174033328658,573,351.0,2575718.0,11117.16139035421,1995.0631612681518,12.305998686461905,-40.770002078313446,1.0,0.0,,764.0,2.0,0.332651931539929,-0.9430496765508981,50.0,4.0,0.0,0.0,40.0
985,3,638.42976340348,638.42976340348,573,975.0,2576918.0,11170.630835354104,1840.6170136043734,-15.802591342830436,27.80333772238871,0.0,0.0,,61.0,0.0,-0.494135012922699,0.8693851787348821,50.0,4.0,0.0,0.0,50.0
986,2,,639.0,573,,,11295.267912709865,1697.2601022653269,25.882709267034542,-28.395717384643273,,,,,,,,,,,,
987,3,639.1740421710218,639.1740421710218,573,351.0,2584925.0,11131.078205856154,1954.8090216184703,14.141830214856146,-40.075278211394576,1.0,0.0,,806.0,2.0,0.396784549115868,-0.9179117722215551,50.0,4.0,0.0,0.0,40.0
988,3,639.429772250041,639.429772250041,573,975.0,2586174.0,11154.894386343718,1868.574532330085,-15.848234897775058,27.88362161758185,0.0,0.0,,93.0,0.0,-0.494135012922699,0.8693851787348821,50.0,4.0,0.0,0.0,50.0
989,2,,640.0,573,,,11321.23489334002,1668.8296112666517,25.928836398598055,-28.445734740103656,,,,,,,,,,,,
990,3,640.1740379908999,640.1740379908999,573,351.0,2589732.0,11147.845713987335,1915.5987979985428,16.861501384982443,-38.994457842318255,1.0,0.0,,0.0,3.0,0.46105856085022706,-0.8873697106993891,50.0,4.0,0.0,0.0,40.0
991,3,640.429768341614,640.429768341614,573,975.0,2590853.0,11141.436147200138,1897.769757160003,-13.320359674188154,29.209173773113903,0.0,0.0,,125.0,0.0,-0.41492611925222,0.9098551069056501,50.0,4.0,0.0,0.0,50.0
992,2,,641.0,573,,,11349.079195702794,1642.7189045479877,29.304023742377062,-24.89990699620092,,,,,,,,,,,,
993,3,641.1740340551349,641.1740340551349,573,351.0,2598713.0,11166.222304523779,1877.0093290596299,19.584929807504746,-37.68684252130765,1.0,0.0,,43.0,3.0,0.474297019061205,-0.8803648889577861,50.0,4.0,0.0,0.0,40.0
994,2,,642.0,573,,,11378.627479373687,1618.2855137409508,30.223195308171686,-23.710487590764576,,,,,,,,,,,,
995,3,642.174035740077,642.174035740077,573,351.0,2603616.0,11186.642183788837,1839.289960683156,20.19159444440951,-37.471927899122406,1.0,0.0,,85.0,3.0,0.5431308444435421,-0.8396480725959201,50.0,4.0,0.0,0.0,40.0
